-10, -10, -10, 1.58979e-10, 4.90786e-10, 1.01709e-09
-10, -10, -8, 3.43903e-10, 9.24238e-10, 1.29994e-09
-10, -10, -6, 6.20662e-10, 1.57282e-09, 1.47878e-09
-10, -10, -4, 9.58097e-10, 2.36795e-09, 1.37631e-09
-10, -10, -2, 1.25693e-09, 3.07043e-09, 8.6107e-10
-10, -10, 0, 1.38636e-09, 3.35698e-09, 1.9253e-11
-10, -10, 2, 1.28039e-09, 3.07043e-09, -8.2583e-10
-10, -10, 4, 9.96008e-10, 2.36795e-09, -1.34916e-09
-10, -10, 6, 6.61575e-10, 1.57282e-09, -1.46096e-09
-10, -10, 8, 3.79967e-10, 9.24238e-10, -1.28988e-09
-10, -10, 10, 1.87255e-10, 4.90786e-10, -1.01227e-09
-10, -8, -10, 2.97583e-10, 3.3994e-10, 1.37467e-09
-10, -8, -8, 6.49531e-10, 8.69717e-10, 1.94133e-09
-10, -8, -6, 1.24269e-09, 1.83993e-09, 2.45733e-09
-10, -8, -4, 2.05586e-09, 3.25898e-09, 2.52359e-09
-10, -8, -2, 2.8437e-09, 4.68927e-09, 1.69431e-09
-10, -8, 0, 3.19611e-09, 5.31475e-09, 4.43869e-11
-10, -8, 2, 2.88969e-09, 4.68927e-09, -1.61467e-09
-10, -8, 4, 2.12525e-09, 3.25898e-09, -2.46548e-09
-10, -8, 6, 1.31059e-09, 1.83993e-09, -2.42183e-09
-10, -8, 8, 7.0335e-10, 8.69717e-10, -1.9225e-09
-10, -8, 10, 3.35782e-10, 3.3994e-10, -1.36585e-09
-10, -6, -10, 4.42329e-10, -6.43255e-11, 1.69408e-09
-10, -6, -8, 1.04277e-09, 3.8563e-10, 2.70873e-09
-10, -6, -6, 2.24474e-09, 1.58936e-09, 3.97266e-09
-10, -6, -4, 4.2221e-09, 3.97441e-09, 4.73027e-09
-10, -6, -2, 6.43745e-09, 6.97483e-09, 3.54476e-09
-10, -6, 0, 7.49297e-09, 8.44539e-09, 1.04036e-10
-10, -6, 2, 6.53345e-09, 6.97483e-09, -3.36461e-09
-10, -6, 4, 4.352e-09, 3.97441e-09, -4.61109e-09
-10, -6, 6, 2.35447e-09, 1.58936e-09, -3.90866e-09
-10, -6, 8, 1.11786e-09, 3.8563e-10, -2.67863e-09
-10, -6, 10, 4.89413e-10, -6.43255e-11, -1.6811e-09
-10, -4, -10, 5.07615e-10, -7.79978e-10, 1.7415e-09
-10, -4, -8, 1.34366e-09, -8.73441e-10, 3.21457e-09
-10, -4, -6, 3.46185e-09, -2.29478e-10, 5.75285e-09
-10, -4, -4, 8.124e-09, 2.73689e-09, 8.66706e-09
-10, -4, -2, 1.48825e-08, 8.75017e-09, 7.875e-09
-10, -4, 0, 1.85149e-08, 1.2455e-08, 2.56953e-10
-10, -4, 2, 1.50955e-08, 8.75017e-09, -7.4587e-09
-10, -4, 4, 8.36199e-09, 2.73689e-09, -8.43773e-09
-10, -4, 6, 3.62086e-09, -2.29478e-10, -5.65414e-09
-10, -4, 8, 1.43286e-09, -8.73441e-10, -3.17583e-09
-10, -4, 10, 5.56074e-10, -7.79978e-10, -1.72665e-09
-10, -2, -10, 3.72641e-10, -1.61524e-09, 1.20577e-09
-10, -2, -8, 1.11034e-09, -2.8166e-09, 2.54465e-09
-10, -2, -6, 3.55726e-09, -4.81701e-09, 5.72988e-09
-10, -2, -4, 1.19732e-08, -6.50611e-09, 1.24932e-08
-10, -2, -2, 3.31325e-08, -1.16026e-09, 1.72468e-08
-10, -2, 0, 4.90752e-08, 7.16419e-09, 6.80909e-10
-10, -2, 2, 3.35993e-08, -1.16026e-09, -1.63189e-08
-10, -2, 4, 1.23173e-08, -6.50611e-09, -1.21541e-08
-10, -2, 6, 3.71627e-09, -4.81701e-09, -5.62807e-09
-10, -2, 8, 1.18123e-09, -2.8166e-09, -2.51253e-09
-10, -2, 10, 4.06314e-10, -1.61524e-09, -1.19484e-09
-10, 0, -10, 2.02305e-11, -2.04074e-09, 6.45774e-11
-10, 0, -8, 6.39183e-11, -3.99844e-09, 1.45105e-10
-10, 0, -6, 2.32373e-10, -8.71615e-09, 3.72072e-10
-10, 0, -4, 1.05813e-09, -2.1828e-08, 1.10091e-09
-10, 0, -2, 5.77589e-09, -6.00967e-08, 3.00728e-09
-10, 0, 0, 1.56977e-08, -1.07535e-07, 2.46599e-10
-10, 0, 2, 5.8675e-09, -6.00967e-08, -2.82437e-09
-10, 0, 4, 1.09218e-09, -2.1828e-08, -1.06713e-09
-10, 0, 6, 2.43945e-10, -8.71615e-09, -3.64589e-10
-10, 0, 8, 6.84446e-11, -3.99844e-09, -1.43025e-10
-10, 0, 10, 2.2249e-11, -2.04074e-09, -6.391e-11
-10, 2, -10, -3.45675e-10, -1.68631e-09, -1.11396e-09
-10, 2, -8, -1.03978e-09, -3.00476e-09, -2.37599e-09
-10, 2, -6, -3.39817e-09, -5.37638e-09, -5.4626e-09
-10, 2, -4, -1.19243e-08, -8.19268e-09, -1.24268e-08
-10, 2, -2, -3.52374e-08, -4.46748e-09, -1.83321e-08
-10, 2, 0, -5.40442e-08, 3.95715e-09, -7.58969e-10
-10, 2, 2, -3.57372e-08, -4.46748e-09, 1.73376e-08
-10, 2, 4, -1.22664e-08, -8.19268e-09, 1.20893e-08
-10, 2, 6, -3.54886e-09, -5.37638e-09, 5.36592e-09
-10, 2, 8, -1.10541e-09, -3.00476e-09, 2.34617e-09
-10, 2, 10, -3.76478e-10, -1.68631e-09, 1.10393e-09
-10, 4, -10, -5.04945e-10, -8.64628e-10, -1.71856e-09
-10, 4, -8, -1.35338e-09, -1.04799e-09, -3.21897e-09
-10, 4, -6, -3.56099e-09, -5.57065e-10, -5.89253e-09
-10, 4, -4, -8.60526e-09, 2.32689e-09, -9.15285e-09
-10, 4, -2, -1.61938e-08, 8.69148e-09, -8.5507e-09
-10, 4, 0, -2.03492e-08, 1.27628e-08, -2.85769e-10
-10, 4, 2, -1.64273e-08, 8.69148e-09, 8.09287e-09
-10, 4, 4, -8.85827e-09, 2.32689e-09, 8.90817e-09
-10, 4, 6, -3.72434e-09, -5.57065e-10, 5.79064e-09
-10, 4, 8, -1.44272e-09, -1.04799e-09, 3.17991e-09
-10, 4, 10, -5.52684e-10, -8.64628e-10, 1.7038e-09
-10, 6, -10, -4.54342e-10, -1.22249e-10, -1.71624e-09
-10, 6, -8, -1.08208e-09, 2.99638e-10, -2.78205e-09
-10, 6, -6, -2.36489e-09, 1.50229e-09, -4.15221e-09
-10, 6, -4, -4.52496e-09, 3.99231e-09, -5.03791e-09
-10, 6, -2, -6.99213e-09, 7.22325e-09, -3.83058e-09
-10, 6, 0, -8.17832e-09, 8.83162e-09, -1.14802e-10
-10, 6, 2, -7.09683e-09, 7.22325e-09, 3.63287e-09
-10, 6, 4, -4.66438e-09, 3.99231e-09, 4.90906e-09
-10, 6, 6, -2.4802e-09, 1.50229e-09, 4.08434e-09
-10, 6, 8, -1.15945e-09, 2.99638e-10, 2.75068e-09
-10, 6, 10, -5.02116e-10, -1.22249e-10, 1.70286e-09
-10, 8, -10, -3.12627e-10, 3.12762e-10, -1.41098e-09
-10, 8, -8, -6.85983e-10, 8.46258e-10, -2.01527e-09
-10, 8, -6, -1.32448e-09, 1.84947e-09, -2.58352e-09
-10, 8, -4, -2.2129e-09, 3.35059e-09, -2.68564e-09
-10, 8, -2, -3.08374e-09, 4.88945e-09, -1.81929e-09
-10, 8, 0, -3.47532e-09, 5.5684e-09, -4.8773e-11
-10, 8, 2, -3.13355e-09, 4.88945e-09, 1.73205e-09
-10, 8, 4, -2.2873e-09, 3.35059e-09, 2.62252e-09
-10, 8, 6, -1.39631e-09, 1.84947e-09, 2.54538e-09
-10, 8, 8, -7.42106e-10, 8.46258e-10, 1.99526e-09
-10, 8, 10, -3.5196e-10, 3.12762e-10, 1.40167e-09
-10, 10, -10, -1.71301e-10, 4.83851e-10, -1.05098e-09
-10, 10, -8, -3.69203e-10, 9.29517e-10, -1.35535e-09
-10, 10, -6, -6.68331e-10, 1.60737e-09, -1.55615e-09
-10, 10, -4, -1.03658e-09, 2.45037e-09, -1.4604e-09
-10, 10, -2, -1.36511e-09, 3.20316e-09, -9.19173e-10
-10, 10, 0, -1.50778e-09, 3.51199e-09, -2.11605e-11
-10, 10, 2, -1.39034e-09, 3.20316e-09, 8.80506e-10
-10, 10, 4, -1.07709e-09, 2.45037e-09, 1.43075e-09
-10, 10, 6, -7.11651e-10, 1.60737e-09, 1.53679e-09
-10, 10, 8, -4.06994e-10, 9.29517e-10, 1.34446e-09
-10, 10, 10, -2.00634e-10, 4.83851e-10, 1.04576e-09
-8, -10, -10, -1.24021e-10, 5.88547e-10, 1.10751e-09
-8, -10, -8, -7.29082e-11, 1.12808e-09, 1.46204e-09
-8, -10, -6, 3.63172e-11, 1.96202e-09, 1.71327e-09
-8, -10, -4, 1.96413e-10, 3.01343e-09, 1.63101e-09
-8, -10, -2, 3.5477e-10, 3.96074e-09, 1.0291e-09
-8, -10, 0, 4.31742e-10, 4.35092e-09, 5.96406e-12
-8, -10, 2, 3.83233e-10, 3.96074e-09, -1.01891e-09
-8, -10, 4, 2.41683e-10, 3.01343e-09, -1.62498e-09
-8, -10, 6, 8.39637e-11, 1.96202e-09, -1.71164e-09
-8, -10, 8, -3.21817e-11, 1.12808e-09, -1.46353e-09
-8, -10, 10, -9.31245e-11, 5.88547e-10, -1.11055e-09
-8, -8, -10, -4.96647e-11, 4.73888e-10, 1.56071e-09
-8, -8, -8, 1.01974e-10, 1.19383e-09, 2.30725e-09
-8, -8, -6, 4.19706e-10, 2.57153e-09, 3.05387e-09
-8, -8, -4, 9.14793e-10, 4.66875e-09, 3.25015e-09
-8, -8, -2, 1.43233e-09, 6.83822e-09, 2.21838e-09
-8, -8, 0, 1.68112e-09, 7.79694e-09, 2.32942e-11
-8, -8, 2, 1.4934e-09, 6.83822e-09, -2.17784e-09
-8, -8, 4, 1.00477e-09, 4.66875e-09, -3.22355e-09
-8, -8, 6, 5.04491e-10, 2.57153e-09, -3.04107e-09
-8, -8, 8, 1.66173e-10, 1.19383e-09, -2.30355e-09
-8, -8, 10, -6.15655e-12, 4.73888e-10, -1.56151e-09
-8, -6, -10, 5.68316e-11, 6.37375e-11, 2.01406e-09
-8, -6, -8, 3.87553e-10, 7.84435e-10, 3.4435e-09
-8, -6, -6, 1.18433e-09, 2.7987e-09, 5.42858e-09
-8, -6, -4, 2.65935e-09, 7.02094e-09, 6.86858e-09
-8, -6, -2, 4.40464e-09, 1.24862e-08, 5.28765e-09
-8, -6, 0, 5.26404e-09, 1.51612e-08, 7.29705e-11
-8, -6, 2, 4.5497e-09, 1.24862e-08, -5.1635e-09
-8, -6, 4, 2.84913e-09, 7.02094e-09, -6.79215e-09
-8, -6, 6, 1.33489e-09, 2.7987e-09, -5.39359e-09
-8, -6, 8, 4.83331e-10, 7.84435e-10, -3.4314e-09
-8, -6, 10, 1.12975e-10, 6.37375e-11, -2.01171e-09
-8, -4, -10, 1.50743e-10, -7.60674e-10, 2.17055e-09
-8, -4, -8, 6.98096e-10, -6.75564e-10, 4.4282e-09
-8, -4, -6, 2.41532e-09, 1.10428e-09, 9.01284e-09
-8, -4, -4, 6.85924e-09, 8.88656e-09, 1.53601e-08
-8, -4, -2, 1.34053e-08, 2.44695e-08, 1.44335e-08
-8, -4, 0, 1.6603e-08, 3.32331e-08, 2.30063e-10
-8, -4, 2, 1.38003e-08, 2.44695e-08, -1.40565e-08
-8, -4, 4, 7.28318e-09, 8.88656e-09, -1.51638e-08
-8, -4, 6, 2.66535e-09, 1.10428e-09, -8.94215e-09
-8, -4, 8, 8.21368e-10, -6.75564e-10, -4.40702e-09
-8, -4, 10, 2.11312e-10, -7.60674e-10, -2.16551e-09
-8, -2, -10, 1.46105e-10, -1.80949e-09, 1.56329e-09
-8, -2, -8, 6.94972e-10, -3.36649e-09, 3.80227e-09
-8, -2, -6, 3.18712e-09, -5.8596e-09, 1.08604e-08
-8, -2, -4, 1.59602e-08, -9.38726e-10, 3.37493e-08
-8, -2, -2, 4.76866e-08, 5.41615e-08, 4.94167e-08
-8, -2, 0, 5.62268e-08, 9.03017e-08, 7.79129e-10
-8, -2, 2, 4.90351e-08, 5.41615e-08, -4.80791e-08
-8, -2, 4, 1.68924e-08, -9.38726e-10, -3.32926e-08
-8, -2, 6, 3.48952e-09, -5.8596e-09, -1.07671e-08
-8, -2, 8, 8.01231e-10, -3.36649e-09, -3.78131e-09
-8, -2, 10, 1.89887e-10, -1.80949e-09, -1.55859e-09
-8, 0, -10, 8.52054e-12, -2.37135e-09, 8.51405e-11
-8, 0, -8, 4.27881e-11, -5.19767e-09, 2.25854e-10
-8, 0, -6, 2.41758e-10, -1.39747e-08, 8.07159e-10
-8, 0, -4, 2.80626e-09, -5.98371e-08, 5.87488e-09
-8, 0, -2, 3.2257e-07, 1.03728e-06, 4.31616e-07
-8, 0, 0, 2.11637e-08, 3.30225e-07, 3.32466e-10
-8, 0, 2, 4.31597e-07, 1.03728e-06, -3.22589e-07
-8, 0, 4, 2.98941e-09, -5.98371e-08, -5.78383e-09
-8, 0, 6, 2.66992e-10, -1.39747e-08, -7.99167e-10
-8, 0, 8, 4.98612e-11, -5.19767e-09, -2.24398e-10
-8, 0, 10, 1.11907e-11, -2.37135e-09, -8.48308e-11
-8, 2, -10, -1.37783e-10, -1.90213e-09, -1.4486e-09
-8, 2, -8, -6.59335e-10, -3.64873e-09, -3.57474e-09
-8, 2, -6, -3.11638e-09, -6.89769e-09, -1.05638e-08
-8, 2, -4, -1.70096e-08, -4.23937e-09, -3.5874e-08
-8, 2, -2, -5.53546e-08, 5.96502e-08, -5.7296e-08
-8, 2, 0, -6.33623e-08, 1.02054e-07, -8.91222e-10
-8, 2, 2, -5.69468e-08, 5.96502e-08, 5.57136e-08
-8, 2, 4, -1.8008e-08, -4.23937e-09, 3.53832e-08
-8, 2, 6, -3.4095e-09, -6.89769e-09, 1.04729e-08
-8, 2, 8, -7.58466e-10, -3.64873e-09, 3.55501e-09
-8, 2, 10, -1.77967e-10, -1.90213e-09, 1.44421e-09
-8, 4, -10, -1.56244e-10, -8.63303e-10, -2.15165e-09
-8, 4, -8, -7.19947e-10, -8.98987e-10, -4.47211e-09
-8, 4, -6, -2.54817e-09, 7.0695e-10, -9.38782e-09
-8, 4, -4, -7.51144e-09, 8.83727e-09, -1.66824e-08
-8, 4, -2, -1.50537e-08, 2.62978e-08, -1.61155e-08
-8, 4, 0, -1.87009e-08, 3.62707e-08, -2.6302e-10
-8, 4, 2, -1.55007e-08, 2.62978e-08, 1.56858e-08
-8, 4, 4, -7.97659e-09, 8.83727e-09, 1.64649e-08
-8, 4, 6, -2.80991e-09, 7.0695e-10, 9.31277e-09
-8, 4, 8, -8.44587e-10, -8.98987e-10, 4.45023e-09
-8, 4, 10, -2.16216e-10, -8.63303e-10, 2.14644e-09
-8, 6, -10, -6.79205e-11, 5.3964e-13, -2.05013e-09
-8, 6, -8, -4.20427e-10, 6.96314e-10, -3.56324e-09
-8, 6, -6, -1.28747e-09, 2.7574e-09, -5.73904e-09
-8, 6, -4, -2.93249e-09, 7.2776e-09, -7.42705e-09
-8, 6, -2, -4.9123e-09, 1.33085e-08, -5.807e-09
-8, 6, 0, -5.89075e-09, 1.62968e-08, -8.28156e-11
-8, 6, 2, -5.07342e-09, 1.33085e-08, 5.66665e-09
-8, 6, 4, -3.13969e-09, 7.2776e-09, 7.34176e-09
-8, 6, 6, -1.44774e-09, 2.7574e-09, 5.70066e-09
-8, 6, 8, -5.1995e-10, 6.96314e-10, 3.55005e-09
-8, 6, 10, -1.25191e-10, 5.3964e-13, 2.04741e-09
-8, 8, -10, 4.0204e-11, 4.48927e-10, -1.60904e-09
-8, 8, -8, -1.25497e-10, 1.18212e-09, -2.40984e-09
-8, 8, -6, -4.75621e-10, 2.62452e-09, -3.23691e-09
-8, 8, -4, -1.02794e-09, 4.8742e-09, -3.49327e-09
-8, 8, -2, -1.61088e-09, 7.24257e-09, -2.40789e-09
-8, 8, 0, -1.89177e-09, 8.29825e-09, -2.66033e-11
-8, 8, 2, -1.6778e-09, 7.24257e-09, 2.36165e-09
-8, 8, 4, -1.1255e-09, 4.8742e-09, 3.46299e-09
-8, 8, 6, -5.66128e-10, 2.62452e-09, 3.22226e-09
-8, 8, 8, -1.92907e-10, 1.18212e-09, 2.40535e-09
-8, 8, 10, -4.81764e-12, 4.48927e-10, 1.60952e-09
-8, 10, -10, 1.18454e-10, 5.85783e-10, -1.14893e-09
-8, 10, -8, 6.02711e-11, 1.1446e-09, -1.53204e-09
-8, 10, -6, -6.2398e-11, 2.02346e-09, -1.81409e-09
-8, 10, -4, -2.42366e-10, 3.1486e-09, -1.74312e-09
-8, 10, -2, -4.2087e-10, 4.17386e-09, -1.10714e-09
-8, 10, 0, -5.07433e-10, 4.59864e-09, -7.1531e-12
-8, 10, 2, -4.51752e-10, 4.17386e-09, 1.09483e-09
-8, 10, 4, -2.91135e-10, 3.1486e-09, 1.73559e-09
-8, 10, 6, -1.13198e-10, 2.02346e-09, 1.81159e-09
-8, 10, 8, 1.73521e-11, 1.1446e-09, 1.5331e-09
-8, 10, 10, 8.62588e-11, 5.85783e-10, 1.15178e-09
-6, -10, -10, -4.82675e-10, 5.96485e-10, 1.05422e-09
-6, -10, -8, -6.34004e-10, 1.15666e-09, 1.42236e-09
-6, -10, -6, -7.99088e-10, 2.03829e-09, 1.69819e-09
-6, -10, -4, -9.51412e-10, 3.16631e-09, 1.63718e-09
-6, -10, -2, -1.05558e-09, 4.1926e-09, 1.03343e-09
-6, -10, 0, -1.0827e-09, 4.61726e-09, -1.50951e-11
-6, -10, 2, -1.02646e-09, 4.1926e-09, -1.06246e-09
-6, -10, 4, -9.05539e-10, 3.16631e-09, -1.66307e-09
-6, -10, 6, -7.5155e-10, 2.03829e-09, -1.71981e-09
-6, -10, 8, -5.94173e-10, 1.15666e-09, -1.43949e-09
-6, -10, 10, -4.53129e-10, 5.96485e-10, -1.06727e-09
-6, -8, -10, -5.23058e-10, 5.20522e-10, 1.52869e-09
-6, -8, -8, -7.15398e-10, 1.30373e-09, 2.32562e-09
-6, -8, -6, -9.37163e-10, 2.83404e-09, 3.1578e-09
-6, -8, -4, -1.14976e-09, 5.2043e-09, 3.42162e-09
-6, -8, -2, -1.29378e-09, 7.68055e-09, 2.34415e-09
-6, -8, 0, -1.32101e-09, 8.77829e-09, -1.84252e-11
-6, -8, 2, -1.22819e-09, 7.68055e-09, -2.37933e-09
-6, -8, 4, -1.05426e-09, 5.2043e-09, -3.45237e-09
-6, -8, 6, -8.48987e-10, 2.83404e-09, -3.18272e-09
-6, -8, 8, -6.50386e-10, 1.30373e-09, -2.34468e-09
-6, -8, 10, -4.80266e-10, 5.20522e-10, -1.5427e-09
-6, -6, -10, -5.15847e-10, 1.49549e-10, 2.03147e-09
-6, -6, -8, -7.3884e-10, 9.92704e-10, 3.60932e-09
-6, -6, -6, -1.0163e-09, 3.39039e-09, 5.9029e-09
-6, -6, -4, -1.29699e-09, 8.51435e-09, 7.66446e-09
-6, -6, -2, -1.47544e-09, 1.51683e-08, 5.92376e-09
-6, -6, 0, -1.47115e-09, 1.83961e-08, -2.05354e-11
-6, -6, 2, -1.31052e-09, 1.51683e-08, -5.96265e-09
-6, -6, 4, -1.08366e-09, 8.51435e-09, -7.6977e-09
-6, -6, 6, -8.51746e-10, 3.39039e-09, -5.92898e-09
-6, -6, 8, -6.38031e-10, 9.92704e-10, -3.62855e-09
-6, -6, 10, -4.59006e-10, 1.49549e-10, -2.04509e-09
-6, -4, -10, -4.32582e-10, -6.6723e-10, 2.25126e-09
-6, -4, -8, -6.53188e-10, -4.56971e-10, 4.84251e-09
-6, -4, -6, -9.678e-10, 2.02007e-09, 1.04622e-08
-6, -4, -4, -1.33918e-09, 1.28016e-08, 1.86165e-08
-6, -4, -2, -1.53098e-09, 3.34592e-08, 1.71551e-08
-6, -4, 0, -1.37663e-09, 4.40767e-08, -1.92452e-11
-6, -4, 2, -1.0549e-09, 3.34592e-08, -1.71912e-08
-6, -4, 4, -8.22005e-10, 1.28016e-08, -1.86467e-08
-6, -4, 6, -6.76247e-10, 2.02007e-09, -1.04852e-08
-6, -4, 8, -5.17868e-10, -4.56971e-10, -4.85889e-09
-6, -4, 10, -3.69541e-10, -6.6723e-10, -2.26248e-09
-6, -2, -10, -2.57798e-10, -1.76165e-09, 1.65744e-09
-6, -2, -8, -4.11372e-10, -3.41201e-09, 4.33118e-09
-6, -2, -6, -6.98242e-10, -5.87001e-09, 1.38307e-08
-6, -2, -4, -1.36125e-09, 7.79897e-09, 4.91161e-08
-6, -2, -2, -1.61132e-09, 9.07762e-08, 5.65524e-08
-6, -2, 0, -8.86732e-10, 1.16761e-07, -1.24422e-11
-6, -2, 2, -4.35964e-11, 9.07762e-08, -5.65756e-08
-6, -2, 4, 1.9911e-12, 7.79897e-09, -4.91352e-08
-6, -2, 6, -3.11526e-10, -5.87001e-09, -1.38449e-08
-6, -2, 8, -2.89884e-10, -3.41201e-09, -4.34102e-09
-6, -2, 10, -2.11221e-10, -1.76165e-09, -1.66402e-09
-6, 0, -10, -1.31553e-11, -2.36434e-09, 9.10691e-11
-6, 0, -8, -2.18176e-11, -5.5397e-09, 2.62514e-10
-6, 0, -6, -4.31371e-11, -1.67438e-08, 1.10772e-09
-6, 0, -4, -2.81601e-10, -1.06764e-07, 1.56993e-08
-6, 0, -2, -3.75612e-10, 3.30822e-07, 2.11799e-08
-6, 0, 0, -4.60754e-11, 2.11251e-07, -7.23811e-13
-6, 0, 2, 2.89851e-10, 3.30822e-07, -2.11813e-08
-6, 0, 4, 2.11664e-10, -1.06764e-07, -1.57004e-08
-6, 0, 6, -8.32139e-12, -1.67438e-08, -1.10853e-09
-6, 0, 8, -1.35611e-11, -5.5397e-09, -2.6307e-10
-6, 0, 10, -1.02882e-11, -2.36434e-09, -9.14374e-11
-6, 2, -10, 2.35477e-10, -1.86033e-09, -1.53837e-09
-6, 2, -8, 3.77474e-10, -3.73464e-09, -4.08604e-09
-6, 2, -6, 6.52098e-10, -7.17221e-09, -1.3595e-08
-6, 2, -4, 1.38316e-09, 4.61511e-09, -5.40805e-08
-6, 2, -2, 1.65566e-09, 1.02549e-07, -6.36598e-08
-6, 2, 0, 8.14994e-10, 1.27957e-07, 1.13152e-11
-6, 2, 2, -1.35339e-10, 1.02549e-07, 6.36809e-08
-6, 2, 4, -1.36026e-10, 4.61511e-09, 5.40978e-08
-6, 2, 6, 2.72809e-10, -7.17221e-09, 1.36079e-08
-6, 2, 8, 2.63704e-10, -3.73464e-09, 4.09494e-09
-6, 2, 10, 1.92651e-10, -1.86033e-09, 1.54431e-09
-6, 4, -10, 4.19211e-10, -7.72166e-10, -2.23739e-09
-6, 4, -8, 6.36716e-10, -6.92106e-10, -4.91171e-09
-6, 4, -6, 9.53767e-10, 1.62569e-09, -1.09833e-08
-6, 4, -4, 1.34165e-09, 1.31401e-08, -2.04439e-08
-6, 4, -2, 1.53485e-09, 3.65224e-08, -1.92356e-08
-6, 4, 0, 1.34698e-09, 4.84815e-08, 1.87794e-11
-6, 4, 2, 9.9342e-10, 3.65224e-08, 1.92709e-08
-6, 4, 4, 7.67069e-10, 1.31401e-08, 2.04733e-08
-6, 4, 6, 6.45853e-10, 1.62569e-09, 1.10056e-08
-6, 4, 8, 4.9923e-10, -6.92106e-10, 4.92753e-09
-6, 4, 10, 3.56613e-10, -7.72166e-10, 2.2482e-09
-6, 6, -10, 5.11446e-10, 8.9181e-11, -2.07386e-09
-6, 6, -8, 7.36328e-10, 9.12471e-10, -3.75015e-09
-6, 6, -6, 1.01912e-09, 3.38855e-09, -6.27578e-09
-6, 6, -4, 1.30762e-09, 8.92453e-09, -8.34318e-09
-6, 6, -2, 1.48835e-09, 1.63217e-08, -6.54495e-09
-6, 6, 0, 1.4757e-09, 1.99436e-08, 2.0607e-11
-6, 6, 2, 1.30392e-09, 1.63217e-08, 6.58394e-09
-6, 6, 4, 1.07296e-09, 8.92453e-09, 8.37641e-09
-6, 6, 6, 8.42846e-10, 3.38855e-09, 6.30177e-09
-6, 6, 8, 6.31097e-10, 9.12471e-10, 3.76923e-09
-6, 6, 10, 4.53276e-10, 8.9181e-11, 2.08732e-09
-6, 8, -10, 5.2505e-10, 4.99837e-10, -1.58063e-09
-6, 8, -8, 7.21319e-10, 1.30188e-09, -2.43808e-09
-6, 8, -6, 9.49098e-10, 2.91322e-09, -3.36239e-09
-6, 8, -4, 1.16837e-09, 5.471e-09, -3.69663e-09
-6, 8, -2, 1.31627e-09, 8.18997e-09, -2.55805e-09
-6, 8, 0, 1.34209e-09, 9.40522e-09, 1.87563e-11
-6, 8, 2, 1.24395e-09, 8.18997e-09, 2.59382e-09
-6, 8, 4, 1.06421e-09, 5.471e-09, 3.72782e-09
-6, 8, 6, 8.5449e-10, 2.91322e-09, 3.38758e-09
-6, 8, 8, 6.52771e-10, 1.30188e-09, 2.45728e-09
-6, 8, 10, 4.80625e-10, 4.99837e-10, 1.59467e-09
-6, 10, -10, 4.88138e-10, 5.97067e-10, -1.09668e-09
-6, 10, -8, 6.43658e-10, 1.17967e-09, -1.49547e-09
-6, 10, -6, 8.14168e-10, 2.11296e-09, -1.80517e-09
-6, 10, -4, 9.72029e-10, 3.32578e-09, -1.75735e-09
-6, 10, -2, 1.07992e-09, 4.44189e-09, -1.11695e-09
-6, 10, 0, 1.1074e-09, 4.90643e-09, 1.5483e-11
-6, 10, 2, 1.04816e-09, 4.44189e-09, 1.14671e-09
-6, 10, 4, 9.22371e-10, 3.32578e-09, 1.78383e-09
-6, 10, 6, 7.63261e-10, 2.11296e-09, 1.82722e-09
-6, 10, 8, 6.01525e-10, 1.17967e-09, 1.51287e-09
-6, 10, 10, 4.57255e-10, 5.97067e-10, 1.10989e-09
-4, -10, -10, -8.34384e-10, 4.87392e-10, 8.27036e-10
-4, -10, -8, -1.19692e-09, 9.49257e-10, 1.12869e-09
-4, -10, -6, -1.65285e-09, 1.67998e-09, 1.35841e-09
-4, -10, -4, -2.14046e-09, 2.61806e-09, 1.31331e-09
-4, -10, -2, -2.52942e-09, 3.47335e-09, 8.2126e-10
-4, -10, 0, -2.67211e-09, 3.82765e-09, -3.7193e-11
-4, -10, 2, -2.50562e-09, 3.47335e-09, -8.91351e-10
-4, -10, 4, -2.10313e-09, 2.61806e-09, -1.3724e-09
-4, -10, 6, -1.61443e-09, 1.67998e-09, -1.40393e-09
-4, -10, 8, -1.16505e-09, 9.49257e-10, -1.16161e-09
-4, -10, 10, -8.1103e-10, 4.87392e-10, -8.49981e-10
-4, -8, -10, -9.98776e-10, 4.41192e-10, 1.21816e-09
-4, -8, -8, -1.55578e-09, 1.09447e-09, 1.87548e-09
-4, -8, -6, -2.35544e-09, 2.36916e-09, 2.5653e-09
-4, -8, -4, -3.33064e-09, 4.33938e-09, 2.78534e-09
-4, -8, -2, -4.1923e-09, 6.39702e-09, 1.89379e-09
-4, -8, 0, -4.52565e-09, 7.31027e-09, -6.2957e-11
-4, -8, 2, -4.13811e-09, 6.39702e-09, -2.00969e-09
-4, -8, 4, -3.25197e-09, 4.33938e-09, -2.87697e-09
-4, -8, 6, -2.28319e-09, 2.36916e-09, -2.62992e-09
-4, -8, 8, -1.50298e-09, 1.09447e-09, -1.91812e-09
-4, -8, 10, -9.64453e-10, 4.41192e-10, -1.24554e-09
-4, -6, -10, -1.10225e-09, 1.53546e-10, 1.63888e-09
-4, -6, -8, -1.91454e-09, 8.57729e-10, 2.93936e-09
-4, -6, -6, -3.33425e-09, 2.82111e-09, 4.81425e-09
-4, -6, -4, -5.47481e-09, 6.95749e-09, 6.23095e-09
-4, -6, -2, -7.69583e-09, 1.23327e-08, 4.78874e-09
-4, -6, 0, -8.61984e-09, 1.49678e-08, -1.19794e-10
-4, -6, 2, -7.56e-09, 1.23327e-08, -5.00083e-09
-4, -6, 4, -5.29965e-09, 6.95749e-09, -6.38088e-09
-4, -6, 6, -3.19906e-09, 2.82111e-09, -4.90528e-09
-4, -6, 8, -1.83194e-09, 8.57729e-10, -2.99161e-09
-4, -6, 10, -1.05613e-09, 1.53546e-10, -1.66901e-09
-4, -4, -10, -1.03661e-09, -5.06565e-10, 1.82922e-09
-4, -4, -8, -2.0677e-09, -3.39709e-10, 3.93887e-09
-4, -4, -6, -4.49185e-09, 1.52134e-09, 8.35852e-09
-4, -4, -4, -9.79733e-09, 9.36435e-09, 1.45676e-08
-4, -4, -2, -1.69229e-08, 2.4976e-08, 1.36441e-08
-4, -4, 0, -1.99797e-08, 3.37458e-08, -2.77248e-10
-4, -4, 2, -1.65382e-08, 2.4976e-08, -1.41086e-08
-4, -4, 4, -9.38906e-09, 9.36435e-09, -1.48344e-08
-4, -4, 6, -4.25742e-09, 1.52134e-09, -8.48051e-09
-4, -4, 8, -1.95703e-09, -3.39709e-10, -3.99508e-09
-4, -4, 10, -9.85123e-10, -5.06565e-10, -1.85748e-09
-4, -2, -10, -6.77829e-10, -1.40122e-09, 1.3493e-09
-4, -2, -8, -1.56242e-09, -2.7614e-09, 3.4781e-09
-4, -2, -6, -4.64854e-09, -4.99514e-09, 1.03717e-08
-4, -2, -4, -1.85525e-08, 2.17403e-10, 3.28703e-08
-4, -2, -2, -5.1164e-08, 5.55627e-08, 4.77774e-08
-4, -2, 0, -5.85581e-08, 9.18007e-08, -8.1183e-10
-4, -2, 2, -4.98231e-08, 5.55627e-08, -4.91749e-08
-4, -2, 4, -1.76315e-08, 2.17403e-10, -3.33737e-08
-4, -2, 6, -4.35678e-09, -4.99514e-09, -1.04977e-08
-4, -2, 8, -1.46437e-09, -2.7614e-09, -3.52053e-09
-4, -2, 10, -6.39728e-10, -1.40122e-09, -1.36779e-09
-4, 0, -10, -3.56746e-11, -1.89425e-09, 7.408e-11
-4, 0, -8, -8.85598e-11, -4.46627e-09, 2.08567e-10
-4, 0, -6, -3.26868e-10, -1.28881e-08, 7.78122e-10
-4, 0, -4, -3.07668e-09, -5.8324e-08, 5.76088e-09
-4, 0, -2, -4.3171e-07, 1.03917e-06, 3.22573e-07
-4, 0, 0, -2.12888e-08, 3.32277e-07, -3.34431e-10
-4, 0, 2, -3.22684e-07, 1.03917e-06, -4.31603e-07
-4, 0, 4, -2.89421e-09, -5.8324e-08, -5.85468e-09
-4, 0, 6, -3.02265e-10, -1.28881e-08, -7.88005e-10
-4, 0, 8, -8.19648e-11, -4.46627e-09, -2.11246e-10
-4, 0, 10, -3.33301e-11, -1.89425e-09, -7.5164e-11
-4, 2, -10, 6.23756e-10, -1.48198e-09, -1.25243e-09
-4, 2, -8, 1.4555e-09, -3.02209e-09, -3.27638e-09
-4, 2, -6, 4.47379e-09, -5.99585e-09, -1.01084e-08
-4, 2, -4, 1.9537e-08, -3.02406e-09, -3.49927e-08
-4, 2, -2, 5.89123e-08, 6.11322e-08, -5.54341e-08
-4, 2, 0, 6.55168e-08, 1.03643e-07, 9.21145e-10
-4, 2, 2, 5.73271e-08, 6.11322e-08, 5.70712e-08
-4, 2, 4, 1.85488e-08, -3.02406e-09, 3.5526e-08
-4, 2, 6, 4.19038e-09, -5.99585e-09, 1.0229e-08
-4, 2, 8, 1.36383e-09, -3.02209e-09, 3.31556e-09
-4, 2, 10, 5.88724e-10, -1.48198e-09, 1.26927e-09
-4, 4, -10, 1.01551e-09, -5.9213e-10, -1.8187e-09
-4, 4, -8, 2.05632e-09, -5.34323e-10, -3.99179e-09
-4, 4, -6, 4.59365e-09, 1.17004e-09, -8.73822e-09
-4, 4, -4, 1.0443e-08, 9.38208e-09, -1.5875e-08
-4, 4, -2, 1.8575e-08, 2.68899e-08, -1.52764e-08
-4, 4, 0, 2.203e-08, 3.68765e-08, 3.09456e-10
-4, 4, 2, 1.81382e-08, 2.68899e-08, 1.57919e-08
-4, 4, 4, 9.99336e-09, 9.38208e-09, 1.61614e-08
-4, 4, 6, 4.34724e-09, 1.17004e-09, 8.86322e-09
-4, 4, 8, 1.94399e-09, -5.34323e-10, 4.04762e-09
-4, 4, 10, 9.64358e-10, -5.9213e-10, 1.8463e-09
-4, 6, -10, 1.10555e-09, 1.05413e-10, -1.67468e-09
-4, 6, -8, 1.94466e-09, 7.92429e-10, -3.05535e-09
-4, 6, -6, 3.44777e-09, 2.81206e-09, -5.11474e-09
-4, 6, -4, 5.77857e-09, 7.25567e-09, -6.77116e-09
-4, 6, -2, 8.24642e-09, 1.32031e-08, -5.2843e-09
-4, 6, 0, 9.27968e-09, 1.61539e-08, 1.30159e-10
-4, 6, 2, 8.09475e-09, 1.32031e-08, 5.51344e-09
-4, 6, 4, 5.58629e-09, 7.25567e-09, 6.93036e-09
-4, 6, 6, 3.30309e-09, 2.81206e-09, 5.20919e-09
-4, 6, 8, 1.8584e-09, 7.92429e-10, 3.1085e-09
-4, 6, 10, 1.05831e-09, 1.05413e-10, 1.7049e-09
-4, 8, -10, 1.01332e-09, 4.2599e-10, -1.2613e-09
-4, 8, -8, 1.59367e-09, 1.09546e-09, -1.96875e-09
-4, 8, -6, 2.44049e-09, 2.4371e-09, -2.73428e-09
-4, 8, -4, 3.49057e-09, 4.56056e-09, -3.01136e-09
-4, 8, -2, 4.43031e-09, 6.81658e-09, -2.06808e-09
-4, 8, 0, 4.79597e-09, 7.82632e-09, 6.72034e-11
-4, 8, 2, 4.37052e-09, 6.81658e-09, 2.19138e-09
-4, 8, 4, 3.40472e-09, 4.56056e-09, 3.10791e-09
-4, 8, 6, 2.3629e-09, 2.4371e-09, 2.80149e-09
-4, 8, 8, 1.53792e-09, 1.09546e-09, 2.01253e-09
-4, 8, 10, 9.7763e-10, 4.2599e-10, 1.28912e-09
-4, 10, -10, 8.51599e-10, 4.89275e-10, -8.61752e-10
-4, 10, -8, 1.23052e-09, 9.70329e-10, -1.18877e-09
-4, 10, -6, 1.71238e-09, 1.74467e-09, -1.44655e-09
-4, 10, -4, 2.23326e-09, 2.75399e-09, -1.41221e-09
-4, 10, -2, 2.65214e-09, 3.68459e-09, -8.89333e-10
-4, 10, 0, 2.80637e-09, 4.07233e-09, 3.93022e-11
-4, 10, 2, 2.62615e-09, 3.68459e-09, 9.63245e-10
-4, 10, 4, 2.19278e-09, 2.75399e-09, 1.47417e-09
-4, 10, 6, 1.67117e-09, 1.74467e-09, 1.4939e-09
-4, 10, 8, 1.19674e-09, 9.70329e-10, 1.22272e-09
-4, 10, 10, 8.27146e-10, 4.89275e-10, 8.8522e-10
-2, -10, -10, -1.08637e-09, 2.73538e-10, 4.48004e-10
-2, -10, -8, -1.60117e-09, 5.32657e-10, 6.13369e-10
-2, -10, -6, -2.26407e-09, 9.41826e-10, 7.37484e-10
-2, -10, -4, -2.98696e-09, 1.46568e-09, 7.07231e-10
-2, -10, -2, -3.57457e-09, 1.94234e-09, 4.28097e-10
-2, -10, 0, -3.79993e-09, 2.13965e-09, -5.28785e-11
-2, -10, 2, -3.56129e-09, 1.94234e-09, -5.27408e-10
-2, -10, 4, -2.96615e-09, 1.46568e-09, -7.90107e-10
-2, -10, 6, -2.24268e-09, 9.41826e-10, -8.00253e-10
-2, -10, 8, -1.58348e-09, 5.32657e-10, -6.57746e-10
-2, -10, 10, -1.07347e-09, 2.73538e-10, -4.78116e-10
-2, -8, -10, -1.33822e-09, 2.50534e-10, 6.6526e-10
-2, -8, -8, -2.14707e-09, 6.144e-10, 1.02528e-09
-2, -8, -6, -3.32603e-09, 1.3154e-09, 1.39616e-09
-2, -8, -4, -4.77589e-09, 2.38547e-09, 1.50055e-09
-2, -8, -2, -6.07162e-09, 3.49544e-09, 9.93868e-10
-2, -8, 0, -6.59474e-09, 3.98757e-09, -9.17379e-11
-2, -8, 2, -6.04168e-09, 3.49544e-09, -1.1624e-09
-2, -8, 4, -4.73235e-09, 2.38547e-09, -1.63291e-09
-2, -8, 6, -3.28591e-09, 1.3154e-09, -1.48825e-09
-2, -8, 8, -2.1177e-09, 6.144e-10, -1.08473e-09
-2, -8, 10, -1.31917e-09, 2.50534e-10, -7.02323e-10
-2, -6, -10, -1.51215e-09, 9.06408e-11, 8.97741e-10
-2, -6, -8, -2.69359e-09, 4.69812e-10, 1.599e-09
-2, -6, -6, -4.72855e-09, 1.48534e-09, 2.57236e-09
-2, -6, -4, -7.71664e-09, 3.54626e-09, 3.2561e-09
-2, -6, -2, -1.08068e-08, 6.1904e-09, 2.44551e-09
-2, -6, 0, -1.21558e-08, 7.49844e-09, -1.69023e-10
-2, -6, 2, -1.07347e-08, 6.1904e-09, -2.74513e-09
-2, -6, 4, -7.62319e-09, 3.54626e-09, -3.46964e-09
-2, -6, 6, -4.65516e-09, 1.48534e-09, -2.70311e-09
-2, -6, 8, -2.64801e-09, 4.69812e-10, -1.6735e-09
-2, -6, 10, -1.48653e-09, 9.06408e-11, -9.39595e-10
-2, -4, -10, -1.44219e-09, -2.7833e-10, 9.98423e-10
-2, -4, -8, -2.89634e-09, -2.18709e-10, 2.09555e-09
-2, -4, -6, -6.02181e-09, 5.45191e-10, 4.19615e-09
-2, -4, -4, -1.20874e-08, 3.522e-09, 6.82116e-09
-2, -4, -2, -2.01871e-08, 9.42573e-09, 6.28302e-09
-2, -4, 0, -2.42328e-08, 1.30527e-08, -3.36745e-10
-2, -4, 2, -2.00049e-08, 9.42573e-09, -6.84188e-09
-2, -4, 4, -1.18931e-08, 3.522e-09, -7.15514e-09
-2, -4, 6, -5.90258e-09, 5.45191e-10, -4.36251e-09
-2, -4, 8, -2.83675e-09, -2.18709e-10, -2.17563e-09
-2, -4, 10, -1.41375e-09, -2.7833e-10, -1.03834e-09
-2, -2, -10, -9.46475e-10, -7.72573e-10, 7.30571e-10
-2, -2, -8, -2.12515e-09, -1.52544e-09, 1.7822e-09
-2, -2, -6, -5.38557e-09, -2.89274e-09, 4.56536e-09
-2, -2, -4, -1.51453e-08, -3.81713e-09, 1.08698e-08
-2, -2, -2, -3.77775e-08, 2.20623e-09, 1.53122e-08
-2, -2, 0, -5.39221e-08, 1.08071e-08, -7.48823e-10
-2, -2, 2, -3.73373e-08, 2.20623e-09, -1.63576e-08
-2, -2, 4, -1.48361e-08, -3.81713e-09, -1.12888e-08
-2, -2, 6, -5.25571e-09, -2.89274e-09, -4.71442e-09
-2, -2, 8, -2.07437e-09, -1.52544e-09, -1.84109e-09
-2, -2, 10, -9.25616e-10, -7.72573e-10, -7.56837e-10
-2, 0, -10, -4.96788e-11, -1.04134e-09, 3.98667e-11
-2, 0, -8, -1.17535e-10, -2.39248e-09, 1.0426e-10
-2, 0, -6, -3.33728e-10, -6.16523e-09, 3.06249e-10
-2, 0, -4, -1.25086e-09, -1.79739e-08, 9.93596e-10
-2, 0, -2, -6.11165e-09, -5.48991e-08, 2.76424e-09
-2, 0, 0, -1.59861e-08, -1.01724e-07, -2.51129e-10
-2, 0, 2, -6.02181e-09, -5.48991e-08, -2.95485e-09
-2, 0, 4, -1.21903e-09, -1.79739e-08, -1.0324e-09
-2, 0, 6, -3.23944e-10, -6.16523e-09, -3.16581e-10
-2, 0, 8, -1.14202e-10, -2.39248e-09, -1.079e-10
-2, 0, 10, -4.84021e-11, -1.04134e-09, -4.14075e-11
-2, 2, -10, 8.71105e-10, -8.16779e-10, -6.77675e-10
-2, 2, -8, 1.97333e-09, -1.66062e-09, -1.67277e-09
-2, 2, -6, 5.09257e-09, -3.34925e-09, -4.38046e-09
-2, 2, -4, 1.49002e-08, -5.31846e-09, -1.08901e-08
-2, 2, -2, 3.96544e-08, -8.18744e-10, -1.63917e-08
-2, 2, 0, 5.86012e-08, 7.92969e-09, 8.22329e-10
-2, 2, 2, 3.91793e-08, -8.18744e-10, 1.74955e-08
-2, 2, 4, 1.45904e-08, -5.31846e-09, 1.13014e-08
-2, 2, 6, 4.96866e-09, -3.34925e-09, 4.5204e-09
-2, 2, 8, 1.92607e-09, -1.66062e-09, 1.72694e-09
-2, 2, 10, 8.51945e-10, -8.16779e-10, 7.016e-10
-2, 4, -10, 1.41396e-09, -3.25941e-10, -9.92027e-10
-2, 4, -8, 2.87449e-09, -3.27496e-10, -2.11678e-09
-2, 4, -6, 6.09309e-09, 3.28768e-10, -4.34355e-09
-2, 4, -4, 1.25686e-08, 3.28205e-09, -7.28871e-09
-2, 4, -2, 2.1539e-08, 9.59046e-09, -6.90598e-09
-2, 4, 0, 2.61084e-08, 1.36055e-08, 3.66208e-10
-2, 4, 2, 2.13366e-08, 9.59046e-09, 7.507e-09
-2, 4, 4, 1.23594e-08, 3.28205e-09, 7.63758e-09
-2, 4, 6, 5.9692e-09, 3.28768e-10, 4.51207e-09
-2, 4, 8, 2.81424e-09, -3.27496e-10, 2.19616e-09
-2, 4, 10, 1.38573e-09, -3.25941e-10, 1.03106e-09
-2, 6, -10, 1.5195e-09, 6.36965e-11, -9.17298e-10
-2, 6, -8, 2.73799e-09, 4.31156e-10, -1.6598e-09
-2, 6, -6, 4.87831e-09, 1.46448e-09, -2.72253e-09
-2, 6, -4, 8.09198e-09, 3.64573e-09, -3.51651e-09
-2, 6, -2, 1.1479e-08, 6.52693e-09, -2.68226e-09
-2, 6, 0, 1.29721e-08, 7.97353e-09, 1.81846e-10
-2, 6, 2, 1.13992e-08, 6.52693e-09, 3.00287e-09
-2, 6, 4, 7.99016e-09, 3.64573e-09, 3.7417e-09
-2, 6, 6, 4.80012e-09, 1.46448e-09, 2.85792e-09
-2, 6, 8, 2.69047e-09, 4.31156e-10, 1.73567e-09
-2, 6, 10, 1.49326e-09, 6.36965e-11, 9.59373e-10
-2, 8, -10, 1.36127e-09, 2.4224e-10, -6.89189e-10
-2, 8, -8, 2.20505e-09, 6.14481e-10, -1.07632e-09
-2, 8, -6, 3.45291e-09, 1.34974e-09, -1.48704e-09
-2, 8, -4, 5.0101e-09, 2.49722e-09, -1.62008e-09
-2, 8, -2, 6.41811e-09, 3.70734e-09, -1.08409e-09
-2, 8, 0, 6.99003e-09, 4.24851e-09, 9.79475e-11
-2, 8, 2, 6.38516e-09, 3.70734e-09, 1.26346e-09
-2, 8, 4, 4.96269e-09, 2.49722e-09, 1.75974e-09
-2, 8, 6, 3.40988e-09, 1.34974e-09, 1.58308e-09
-2, 8, 8, 2.17405e-09, 6.14481e-10, 1.13756e-09
-2, 8, 10, 1.34146e-09, 2.4224e-10, 7.26963e-10
-2, 10, -10, 1.11203e-09, 2.74901e-10, -4.67238e-10
-2, 10, -8, 1.65156e-09, 5.44754e-10, -6.46555e-10
-2, 10, -6, 2.35388e-09, 9.78008e-10, -7.85859e-10
-2, 10, -4, 3.12758e-09, 1.54085e-09, -7.6095e-10
-2, 10, -2, 3.76146e-09, 2.05856e-09, -4.64114e-10
-2, 10, 0, 4.00555e-09, 2.27409e-09, 5.61086e-11
-2, 10, 2, 3.74696e-09, 2.05856e-09, 5.69278e-10
-2, 10, 4, 3.10501e-09, 1.54085e-09, 8.48217e-10
-2, 10, 6, 2.33093e-09, 9.78008e-10, 8.51425e-10
-2, 10, 8, 1.63281e-09, 5.44754e-10, 6.92499e-10
-2, 10, 10, 1.09851e-09, 2.74901e-10, 4.98146e-10
0, -10, -10, -1.17325e-09, 7.34123e-24, -1.6356e-11
0, -10, -8, -1.7408e-09, 2.06795e-24, -2.42565e-11
0, -10, -6, -2.4749e-09, 2.12999e-23, -3.44686e-11
0, -10, -4, -3.27853e-09, -2.60562e-23, -4.56411e-11
0, -10, -2, -3.93559e-09, 9.09899e-24, -5.47715e-11
0, -10, 0, -4.19332e-09, 2.39882e-23, -5.83518e-11
0, -10, 2, -3.93559e-09, 3.01921e-23, -5.47715e-11
0, -10, 4, -3.27853e-09, -6.20385e-24, -4.56411e-11
0, -10, 6, -2.4749e-09, 3.72231e-24, -3.44686e-11
0, -10, 8, -1.7408e-09, 2.68834e-24, -2.42565e-11
0, -10, 10, -1.17325e-09, -9.09899e-24, -1.6356e-11
0, -8, -10, -1.45344e-09, 1.08535e-23, -2.02703e-11
0, -8, -8, -2.3445e-09, 1.56647e-23, -3.26783e-11
0, -8, -6, -3.64072e-09, -1.35451e-23, -5.07128e-11
0, -8, -4, -5.22891e-09, 1.36485e-23, -7.2791e-11
0, -8, -2, -6.64867e-09, -3.76367e-23, -9.25142e-11
0, -8, 0, -7.2336e-09, 2.85377e-23, -1.00637e-10
0, -8, 2, -6.64867e-09, -2.10931e-23, -9.25142e-11
0, -8, 4, -5.22891e-09, 1.03398e-23, -7.2791e-11
0, -8, 6, -3.64072e-09, -3.82571e-23, -5.07128e-11
0, -8, 8, -2.3445e-09, -6.61744e-24, -3.26783e-11
0, -8, 10, -1.45344e-09, -2.13581e-24, -2.02703e-11
0, -6, -10, -1.64673e-09, -1.80946e-24, -2.29838e-11
0, -6, -8, -2.93336e-09, 1.83272e-23, -4.09144e-11
0, -6, -6, -5.10501e-09, -1.31315e-23, -7.11468e-11
0, -6, -4, -8.20883e-09, 3.5362e-23, -1.14307e-10
0, -6, -2, -1.13663e-08, -1.48893e-23, -1.58167e-10
0, -6, 0, -1.27659e-08, -4.83901e-23, -1.77599e-10
0, -6, 2, -1.13663e-08, -4.09454e-23, -1.58167e-10
0, -6, 4, -8.20883e-09, -4.28066e-23, -1.14307e-10
0, -6, 6, -5.10501e-09, -1.8715e-23, -7.11468e-11
0, -6, 8, -2.93336e-09, 2.01625e-24, -4.09144e-11
0, -6, 10, -1.64673e-09, 8.16841e-24, -2.29838e-11
0, -4, -10, -1.56813e-09, 7.23783e-24, -2.19201e-11
0, -4, -8, -3.10931e-09, -2.50222e-23, -4.34351e-11
0, -4, -6, -6.2126e-09, 2.60562e-23, -8.67076e-11
0, -4, -4, -1.1668e-08, 5.13886e-23, -1.62665e-10
0, -4, -2, -1.84072e-08, -1.48893e-23, -2.56354e-10
0, -4, 0, -2.17693e-08, -9.71937e-24, -3.03049e-10
0, -4, 2, -1.84072e-08, 5.16988e-24, -2.56354e-10
0, -4, 4, -1.1668e-08, -3.93945e-23, -1.62665e-10
0, -4, 6, -6.2126e-09, 6.36929e-23, -8.67076e-11
0, -4, 8, -3.10931e-09, 4.17726e-23, -4.34351e-11
0, -4, 10, -1.56813e-09, 4.57017e-23, -2.19201e-11
0, -2, -10, -1.02443e-09, 2.27475e-24, -1.43733e-11
0, -2, -8, -2.22738e-09, -3.76367e-23, -3.12379e-11
0, -2, -6, -5.09969e-09, -8.27181e-24, -7.14712e-11
0, -2, -4, -1.15072e-08, 3.06057e-23, -1.61102e-10
0, -2, -2, -2.18938e-08, 1.57164e-23, -3.06139e-10
0, -2, 0, -2.81805e-08, 1.10842e-22, -3.93802e-10
0, -2, 2, -2.18938e-08, 1.19941e-22, -3.06139e-10
0, -2, 4, -1.15072e-08, 1.08361e-22, -1.61102e-10
0, -2, 6, -5.09969e-09, -1.41448e-22, -7.14712e-11
0, -2, 8, -2.22738e-09, 6.8656e-23, -3.12379e-11
0, -2, 10, -1.02443e-09, -3.66027e-23, -1.43733e-11
0, 0, -10, -5.35456e-11, 1.03398e-23, -8.41161e-13
0, 0, -8, -1.21226e-10, -6.45201e-23, -1.90436e-12
0, 0, -6, -2.96621e-10, 8.27181e-25, -4.65969e-12
0, 0, -4, -7.44056e-10, 1.65436e-24, -1.16886e-11
0, 0, -2, -1.61967e-09, -2.36574e-22, -2.54439e-11
0, 0, 0, -2.24198e-09, 6.61744e-24, -3.52199e-11
0, 0, 2, -1.61967e-09, 3.68923e-22, -2.54439e-11
0, 0, 4, -7.44056e-10, 7.94093e-23, -1.16886e-11
0, 0, 6, -2.96621e-10, 1.65436e-24, -4.65969e-12
0, 0, 8, -1.21226e-10, 7.61006e-23, -1.90436e-12
0, 0, 10, -5.35456e-11, -2.48154e-23, -8.41161e-13
0, 2, -10, 9.42522e-10, 2.27475e-24, 1.30867e-11
0, 2, -8, 2.06367e-09, -1.03398e-23, 2.86661e-11
0, 2, -6, 4.77786e-09, 3.14329e-23, 6.64155e-11
0, 2, -4, 1.09645e-08, -1.65436e-23, 1.52578e-10
0, 2, -2, 2.12799e-08, 0, 2.96495e-10
0, 2, 0, 2.76653e-08, 6.61744e-23, 3.85708e-10
0, 2, 2, 2.12799e-08, -9.92617e-23, 2.96495e-10
0, 2, 4, 1.09645e-08, -3.97047e-23, 1.52578e-10
0, 2, 6, 4.77786e-09, 1.00916e-22, 6.64155e-11
0, 2, 8, 2.06367e-09, -4.79765e-23, 2.86661e-11
0, 2, 10, 9.42522e-10, -2.6263e-23, 1.30867e-11
0, 4, -10, 1.53687e-09, 6.20385e-25, 2.1429e-11
0, 4, -8, 3.07927e-09, 4.71493e-23, 4.29632e-11
0, 4, -6, 6.24238e-09, 2.12999e-23, 8.71753e-11
0, 4, -4, 1.19349e-08, -1.02777e-22, 1.66858e-10
0, 4, -2, 1.91383e-08, -4.60636e-23, 2.6784e-10
0, 4, 0, 2.27886e-08, 8.06501e-24, 3.19061e-10
0, 4, 2, 1.91383e-08, 6.16896e-23, 2.6784e-10
0, 4, 4, 1.19349e-08, 4.69425e-23, 1.66858e-10
0, 4, 6, 6.24238e-09, 6.88628e-23, 8.71753e-11
0, 4, 8, 3.07927e-09, 4.75629e-23, 4.29632e-11
0, 4, 10, 1.53687e-09, -8.4786e-23, 2.1429e-11
0, 6, -10, 1.65478e-09, -2.58494e-24, 2.31102e-11
0, 6, -8, 2.97906e-09, 1.77327e-23, 4.16323e-11
0, 6, -6, 5.2517e-09, -5.45939e-23, 7.34512e-11
0, 6, -4, 8.55952e-09, 2.37814e-23, 1.19816e-10
0, 6, -2, 1.19787e-08, -1.44757e-23, 1.67788e-10
0, 6, 0, 1.35085e-08, -1.77844e-23, 1.89265e-10
0, 6, 2, 1.19787e-08, 5.79026e-24, 1.67788e-10
0, 6, 4, 8.55952e-09, 1.03398e-24, 1.19816e-10
0, 6, 6, 5.2517e-09, 5.60415e-23, 7.34512e-11
0, 6, 8, 2.97906e-09, -2.00591e-23, 4.16323e-11
0, 6, 10, 1.65478e-09, 3.72231e-24, 2.31102e-11
0, 8, -10, 1.47906e-09, 8.37359e-24, 2.06728e-11
0, 8, -8, 2.40802e-09, -5.58347e-24, 3.36761e-11
0, 8, -6, 3.77759e-09, 3.3294e-23, 5.28631e-11
0, 8, -4, 5.47814e-09, 7.03104e-24, 7.67062e-11
0, 8, -2, 7.01483e-09, -1.65436e-24, 9.82664e-11
0, 8, 0, 7.65176e-09, -3.4328e-23, 1.07206e-10
0, 8, 2, 7.01483e-09, 7.85822e-24, 9.82664e-11
0, 8, 4, 5.47814e-09, 7.85822e-24, 7.67062e-11
0, 8, 6, 3.77759e-09, -1.04432e-23, 5.28631e-11
0, 8, 8, 2.40802e-09, 4.03251e-24, 3.36761e-11
0, 8, 10, 1.47906e-09, -5.40656e-24, 2.06728e-11
0, 10, -10, 1.2017e-09, 8.89219e-24, 1.6803e-11
0, 10, -8, 1.79664e-09, -1.05466e-23, 2.51338e-11
0, 10, -6, 2.57427e-09, 2.31611e-23, 3.60297e-11
0, 10, -4, 3.43393e-09, -2.12999e-23, 4.80822e-11
0, 10, -2, 4.14215e-09, 1.65436e-23, 5.80164e-11
0, 10, 0, 4.42111e-09, 1.24077e-23, 6.19302e-11
0, 10, 2, 4.14215e-09, 4.54949e-24, 5.80164e-11
0, 10, 4, 3.43393e-09, -2.33679e-23, 4.80822e-11
0, 10, 6, 2.57427e-09, 1.36485e-23, 3.60297e-11
0, 10, 8, 1.79664e-09, -1.24077e-24, 2.51338e-11
0, 10, 10, 1.2017e-09, 6.20385e-24, 1.6803e-11
2, -10, -10, -1.07347e-09, -2.73538e-10, -4.78116e-10
2, -10, -8, -1.58348e-09, -5.32657e-10, -6.57746e-10
2, -10, -6, -2.24268e-09, -9.41826e-10, -8.00253e-10
2, -10, -4, -2.96615e-09, -1.46568e-09, -7.90107e-10
2, -10, -2, -3.56129e-09, -1.94234e-09, -5.27408e-10
2, -10, 0, -3.79993e-09, -2.13965e-09, -5.28785e-11
2, -10, 2, -3.57457e-09, -1.94234e-09, 4.28097e-10
2, -10, 4, -2.98696e-09, -1.46568e-09, 7.07231e-10
2, -10, 6, -2.26407e-09, -9.41826e-10, 7.37484e-10
2, -10, 8, -1.60117e-09, -5.32657e-10, 6.13369e-10
2, -10, 10, -1.08637e-09, -2.73538e-10, 4.48004e-10
2, -8, -10, -1.31917e-09, -2.50534e-10, -7.02323e-10
2, -8, -8, -2.1177e-09, -6.144e-10, -1.08473e-09
2, -8, -6, -3.28591e-09, -1.3154e-09, -1.48825e-09
2, -8, -4, -4.73235e-09, -2.38547e-09, -1.63291e-09
2, -8, -2, -6.04168e-09, -3.49544e-09, -1.1624e-09
2, -8, 0, -6.59474e-09, -3.98757e-09, -9.17379e-11
2, -8, 2, -6.07162e-09, -3.49544e-09, 9.93868e-10
2, -8, 4, -4.77589e-09, -2.38547e-09, 1.50055e-09
2, -8, 6, -3.32603e-09, -1.3154e-09, 1.39616e-09
2, -8, 8, -2.14707e-09, -6.144e-10, 1.02528e-09
2, -8, 10, -1.33822e-09, -2.50534e-10, 6.6526e-10
2, -6, -10, -1.48653e-09, -9.06408e-11, -9.39595e-10
2, -6, -8, -2.64801e-09, -4.69812e-10, -1.6735e-09
2, -6, -6, -4.65516e-09, -1.48534e-09, -2.70311e-09
2, -6, -4, -7.62319e-09, -3.54626e-09, -3.46964e-09
2, -6, -2, -1.07347e-08, -6.1904e-09, -2.74513e-09
2, -6, 0, -1.21558e-08, -7.49844e-09, -1.69023e-10
2, -6, 2, -1.08068e-08, -6.1904e-09, 2.44551e-09
2, -6, 4, -7.71664e-09, -3.54626e-09, 3.2561e-09
2, -6, 6, -4.72855e-09, -1.48534e-09, 2.57236e-09
2, -6, 8, -2.69359e-09, -4.69812e-10, 1.599e-09
2, -6, 10, -1.51215e-09, -9.06408e-11, 8.97741e-10
2, -4, -10, -1.41375e-09, 2.7833e-10, -1.03834e-09
2, -4, -8, -2.83675e-09, 2.18709e-10, -2.17563e-09
2, -4, -6, -5.90258e-09, -5.45191e-10, -4.36251e-09
2, -4, -4, -1.18931e-08, -3.522e-09, -7.15514e-09
2, -4, -2, -2.00049e-08, -9.42573e-09, -6.84188e-09
2, -4, 0, -2.42328e-08, -1.30527e-08, -3.36745e-10
2, -4, 2, -2.01871e-08, -9.42573e-09, 6.28302e-09
2, -4, 4, -1.20874e-08, -3.522e-09, 6.82116e-09
2, -4, 6, -6.02181e-09, -5.45191e-10, 4.19615e-09
2, -4, 8, -2.89634e-09, 2.18709e-10, 2.09555e-09
2, -4, 10, -1.44219e-09, 2.7833e-10, 9.98423e-10
2, -2, -10, -9.25616e-10, 7.72573e-10, -7.56837e-10
2, -2, -8, -2.07437e-09, 1.52544e-09, -1.84109e-09
2, -2, -6, -5.25571e-09, 2.89274e-09, -4.71442e-09
2, -2, -4, -1.48361e-08, 3.81713e-09, -1.12888e-08
2, -2, -2, -3.73373e-08, -2.20623e-09, -1.63576e-08
2, -2, 0, -5.39221e-08, -1.08071e-08, -7.48823e-10
2, -2, 2, -3.77775e-08, -2.20623e-09, 1.53122e-08
2, -2, 4, -1.51453e-08, 3.81713e-09, 1.08698e-08
2, -2, 6, -5.38557e-09, 2.89274e-09, 4.56536e-09
2, -2, 8, -2.12515e-09, 1.52544e-09, 1.7822e-09
2, -2, 10, -9.46475e-10, 7.72573e-10, 7.30571e-10
2, 0, -10, -4.84021e-11, 1.04134e-09, -4.14075e-11
2, 0, -8, -1.14202e-10, 2.39248e-09, -1.079e-10
2, 0, -6, -3.23944e-10, 6.16523e-09, -3.16581e-10
2, 0, -4, -1.21903e-09, 1.79739e-08, -1.0324e-09
2, 0, -2, -6.02181e-09, 5.48991e-08, -2.95485e-09
2, 0, 0, -1.59861e-08, 1.01724e-07, -2.51129e-10
2, 0, 2, -6.11165e-09, 5.48991e-08, 2.76424e-09
2, 0, 4, -1.25086e-09, 1.79739e-08, 9.93596e-10
2, 0, 6, -3.33728e-10, 6.16523e-09, 3.06249e-10
2, 0, 8, -1.17535e-10, 2.39248e-09, 1.0426e-10
2, 0, 10, -4.96788e-11, 1.04134e-09, 3.98667e-11
2, 2, -10, 8.51945e-10, 8.16779e-10, 7.016e-10
2, 2, -8, 1.92607e-09, 1.66062e-09, 1.72694e-09
2, 2, -6, 4.96866e-09, 3.34925e-09, 4.5204e-09
2, 2, -4, 1.45904e-08, 5.31846e-09, 1.13014e-08
2, 2, -2, 3.91793e-08, 8.18744e-10, 1.74955e-08
2, 2, 0, 5.86012e-08, -7.92969e-09, 8.22329e-10
2, 2, 2, 3.96544e-08, 8.18744e-10, -1.63917e-08
2, 2, 4, 1.49002e-08, 5.31846e-09, -1.08901e-08
2, 2, 6, 5.09257e-09, 3.34925e-09, -4.38046e-09
2, 2, 8, 1.97333e-09, 1.66062e-09, -1.67277e-09
2, 2, 10, 8.71105e-10, 8.16779e-10, -6.77675e-10
2, 4, -10, 1.38573e-09, 3.25941e-10, 1.03106e-09
2, 4, -8, 2.81424e-09, 3.27496e-10, 2.19616e-09
2, 4, -6, 5.9692e-09, -3.28768e-10, 4.51207e-09
2, 4, -4, 1.23594e-08, -3.28205e-09, 7.63758e-09
2, 4, -2, 2.13366e-08, -9.59046e-09, 7.507e-09
2, 4, 0, 2.61084e-08, -1.36055e-08, 3.66208e-10
2, 4, 2, 2.1539e-08, -9.59046e-09, -6.90598e-09
2, 4, 4, 1.25686e-08, -3.28205e-09, -7.28871e-09
2, 4, 6, 6.09309e-09, -3.28768e-10, -4.34355e-09
2, 4, 8, 2.87449e-09, 3.27496e-10, -2.11678e-09
2, 4, 10, 1.41396e-09, 3.25941e-10, -9.92027e-10
2, 6, -10, 1.49326e-09, -6.36965e-11, 9.59373e-10
2, 6, -8, 2.69047e-09, -4.31156e-10, 1.73567e-09
2, 6, -6, 4.80012e-09, -1.46448e-09, 2.85792e-09
2, 6, -4, 7.99016e-09, -3.64573e-09, 3.7417e-09
2, 6, -2, 1.13992e-08, -6.52693e-09, 3.00287e-09
2, 6, 0, 1.29721e-08, -7.97353e-09, 1.81846e-10
2, 6, 2, 1.1479e-08, -6.52693e-09, -2.68226e-09
2, 6, 4, 8.09198e-09, -3.64573e-09, -3.51651e-09
2, 6, 6, 4.87831e-09, -1.46448e-09, -2.72253e-09
2, 6, 8, 2.73799e-09, -4.31156e-10, -1.6598e-09
2, 6, 10, 1.5195e-09, -6.36965e-11, -9.17298e-10
2, 8, -10, 1.34146e-09, -2.4224e-10, 7.26963e-10
2, 8, -8, 2.17405e-09, -6.14481e-10, 1.13756e-09
2, 8, -6, 3.40988e-09, -1.34974e-09, 1.58308e-09
2, 8, -4, 4.96269e-09, -2.49722e-09, 1.75974e-09
2, 8, -2, 6.38516e-09, -3.70734e-09, 1.26346e-09
2, 8, 0, 6.99003e-09, -4.24851e-09, 9.79475e-11
2, 8, 2, 6.41811e-09, -3.70734e-09, -1.08409e-09
2, 8, 4, 5.0101e-09, -2.49722e-09, -1.62008e-09
2, 8, 6, 3.45291e-09, -1.34974e-09, -1.48704e-09
2, 8, 8, 2.20505e-09, -6.14481e-10, -1.07632e-09
2, 8, 10, 1.36127e-09, -2.4224e-10, -6.89189e-10
2, 10, -10, 1.09851e-09, -2.74901e-10, 4.98146e-10
2, 10, -8, 1.63281e-09, -5.44754e-10, 6.92499e-10
2, 10, -6, 2.33093e-09, -9.78008e-10, 8.51425e-10
2, 10, -4, 3.10501e-09, -1.54085e-09, 8.48217e-10
2, 10, -2, 3.74696e-09, -2.05856e-09, 5.69278e-10
2, 10, 0, 4.00555e-09, -2.27409e-09, 5.61086e-11
2, 10, 2, 3.76146e-09, -2.05856e-09, -4.64114e-10
2, 10, 4, 3.12758e-09, -1.54085e-09, -7.6095e-10
2, 10, 6, 2.35388e-09, -9.78008e-10, -7.85859e-10
2, 10, 8, 1.65156e-09, -5.44754e-10, -6.46555e-10
2, 10, 10, 1.11203e-09, -2.74901e-10, -4.67238e-10
4, -10, -10, -8.1103e-10, -4.87392e-10, -8.49981e-10
4, -10, -8, -1.16505e-09, -9.49257e-10, -1.16161e-09
4, -10, -6, -1.61443e-09, -1.67998e-09, -1.40393e-09
4, -10, -4, -2.10313e-09, -2.61806e-09, -1.3724e-09
4, -10, -2, -2.50562e-09, -3.47335e-09, -8.91351e-10
4, -10, 0, -2.67211e-09, -3.82765e-09, -3.7193e-11
4, -10, 2, -2.52942e-09, -3.47335e-09, 8.2126e-10
4, -10, 4, -2.14046e-09, -2.61806e-09, 1.31331e-09
4, -10, 6, -1.65285e-09, -1.67998e-09, 1.35841e-09
4, -10, 8, -1.19692e-09, -9.49257e-10, 1.12869e-09
4, -10, 10, -8.34384e-10, -4.87392e-10, 8.27036e-10
4, -8, -10, -9.64453e-10, -4.41192e-10, -1.24554e-09
4, -8, -8, -1.50298e-09, -1.09447e-09, -1.91812e-09
4, -8, -6, -2.28319e-09, -2.36916e-09, -2.62992e-09
4, -8, -4, -3.25197e-09, -4.33938e-09, -2.87697e-09
4, -8, -2, -4.13811e-09, -6.39702e-09, -2.00969e-09
4, -8, 0, -4.52565e-09, -7.31027e-09, -6.2957e-11
4, -8, 2, -4.1923e-09, -6.39702e-09, 1.89379e-09
4, -8, 4, -3.33064e-09, -4.33938e-09, 2.78534e-09
4, -8, 6, -2.35544e-09, -2.36916e-09, 2.5653e-09
4, -8, 8, -1.55578e-09, -1.09447e-09, 1.87548e-09
4, -8, 10, -9.98776e-10, -4.41192e-10, 1.21816e-09
4, -6, -10, -1.05613e-09, -1.53546e-10, -1.66901e-09
4, -6, -8, -1.83194e-09, -8.57729e-10, -2.99161e-09
4, -6, -6, -3.19906e-09, -2.82111e-09, -4.90528e-09
4, -6, -4, -5.29965e-09, -6.95749e-09, -6.38088e-09
4, -6, -2, -7.56e-09, -1.23327e-08, -5.00083e-09
4, -6, 0, -8.61984e-09, -1.49678e-08, -1.19794e-10
4, -6, 2, -7.69583e-09, -1.23327e-08, 4.78874e-09
4, -6, 4, -5.47481e-09, -6.95749e-09, 6.23095e-09
4, -6, 6, -3.33425e-09, -2.82111e-09, 4.81425e-09
4, -6, 8, -1.91454e-09, -8.57729e-10, 2.93936e-09
4, -6, 10, -1.10225e-09, -1.53546e-10, 1.63888e-09
4, -4, -10, -9.85123e-10, 5.06565e-10, -1.85748e-09
4, -4, -8, -1.95703e-09, 3.39709e-10, -3.99508e-09
4, -4, -6, -4.25742e-09, -1.52134e-09, -8.48051e-09
4, -4, -4, -9.38906e-09, -9.36435e-09, -1.48344e-08
4, -4, -2, -1.65382e-08, -2.4976e-08, -1.41086e-08
4, -4, 0, -1.99797e-08, -3.37458e-08, -2.77248e-10
4, -4, 2, -1.69229e-08, -2.4976e-08, 1.36441e-08
4, -4, 4, -9.79733e-09, -9.36435e-09, 1.45676e-08
4, -4, 6, -4.49185e-09, -1.52134e-09, 8.35852e-09
4, -4, 8, -2.0677e-09, 3.39709e-10, 3.93887e-09
4, -4, 10, -1.03661e-09, 5.06565e-10, 1.82922e-09
4, -2, -10, -6.39728e-10, 1.40122e-09, -1.36779e-09
4, -2, -8, -1.46437e-09, 2.7614e-09, -3.52053e-09
4, -2, -6, -4.35678e-09, 4.99514e-09, -1.04977e-08
4, -2, -4, -1.76315e-08, -2.17403e-10, -3.33737e-08
4, -2, -2, -4.98231e-08, -5.55627e-08, -4.91749e-08
4, -2, 0, -5.85581e-08, -9.18007e-08, -8.1183e-10
4, -2, 2, -5.1164e-08, -5.55627e-08, 4.77774e-08
4, -2, 4, -1.85525e-08, -2.17403e-10, 3.28703e-08
4, -2, 6, -4.64854e-09, 4.99514e-09, 1.03717e-08
4, -2, 8, -1.56242e-09, 2.7614e-09, 3.4781e-09
4, -2, 10, -6.77829e-10, 1.40122e-09, 1.3493e-09
4, 0, -10, -3.33301e-11, 1.89425e-09, -7.5164e-11
4, 0, -8, -8.19648e-11, 4.46627e-09, -2.11246e-10
4, 0, -6, -3.02265e-10, 1.28881e-08, -7.88005e-10
4, 0, -4, -2.89421e-09, 5.8324e-08, -5.85468e-09
4, 0, -2, -3.22684e-07, -1.03917e-06, -4.31603e-07
4, 0, 0, -2.12888e-08, -3.32277e-07, -3.34431e-10
4, 0, 2, -4.3171e-07, -1.03917e-06, 3.22573e-07
4, 0, 4, -3.07668e-09, 5.8324e-08, 5.76088e-09
4, 0, 6, -3.26868e-10, 1.28881e-08, 7.78122e-10
4, 0, 8, -8.85598e-11, 4.46627e-09, 2.08567e-10
4, 0, 10, -3.56746e-11, 1.89425e-09, 7.408e-11
4, 2, -10, 5.88724e-10, 1.48198e-09, 1.26927e-09
4, 2, -8, 1.36383e-09, 3.02209e-09, 3.31556e-09
4, 2, -6, 4.19038e-09, 5.99585e-09, 1.0229e-08
4, 2, -4, 1.85488e-08, 3.02406e-09, 3.5526e-08
4, 2, -2, 5.73271e-08, -6.11322e-08, 5.70712e-08
4, 2, 0, 6.55168e-08, -1.03643e-07, 9.21145e-10
4, 2, 2, 5.89123e-08, -6.11322e-08, -5.54341e-08
4, 2, 4, 1.9537e-08, 3.02406e-09, -3.49927e-08
4, 2, 6, 4.47379e-09, 5.99585e-09, -1.01084e-08
4, 2, 8, 1.4555e-09, 3.02209e-09, -3.27638e-09
4, 2, 10, 6.23756e-10, 1.48198e-09, -1.25243e-09
4, 4, -10, 9.64358e-10, 5.9213e-10, 1.8463e-09
4, 4, -8, 1.94399e-09, 5.34323e-10, 4.04762e-09
4, 4, -6, 4.34724e-09, -1.17004e-09, 8.86322e-09
4, 4, -4, 9.99336e-09, -9.38208e-09, 1.61614e-08
4, 4, -2, 1.81382e-08, -2.68899e-08, 1.57919e-08
4, 4, 0, 2.203e-08, -3.68765e-08, 3.09456e-10
4, 4, 2, 1.8575e-08, -2.68899e-08, -1.52764e-08
4, 4, 4, 1.0443e-08, -9.38208e-09, -1.5875e-08
4, 4, 6, 4.59365e-09, -1.17004e-09, -8.73822e-09
4, 4, 8, 2.05632e-09, 5.34323e-10, -3.99179e-09
4, 4, 10, 1.01551e-09, 5.9213e-10, -1.8187e-09
4, 6, -10, 1.05831e-09, -1.05413e-10, 1.7049e-09
4, 6, -8, 1.8584e-09, -7.92429e-10, 3.1085e-09
4, 6, -6, 3.30309e-09, -2.81206e-09, 5.20919e-09
4, 6, -4, 5.58629e-09, -7.25567e-09, 6.93036e-09
4, 6, -2, 8.09475e-09, -1.32031e-08, 5.51344e-09
4, 6, 0, 9.27968e-09, -1.61539e-08, 1.30159e-10
4, 6, 2, 8.24642e-09, -1.32031e-08, -5.2843e-09
4, 6, 4, 5.77857e-09, -7.25567e-09, -6.77116e-09
4, 6, 6, 3.44777e-09, -2.81206e-09, -5.11474e-09
4, 6, 8, 1.94466e-09, -7.92429e-10, -3.05535e-09
4, 6, 10, 1.10555e-09, -1.05413e-10, -1.67468e-09
4, 8, -10, 9.7763e-10, -4.2599e-10, 1.28912e-09
4, 8, -8, 1.53792e-09, -1.09546e-09, 2.01253e-09
4, 8, -6, 2.3629e-09, -2.4371e-09, 2.80149e-09
4, 8, -4, 3.40472e-09, -4.56056e-09, 3.10791e-09
4, 8, -2, 4.37052e-09, -6.81658e-09, 2.19138e-09
4, 8, 0, 4.79597e-09, -7.82632e-09, 6.72034e-11
4, 8, 2, 4.43031e-09, -6.81658e-09, -2.06808e-09
4, 8, 4, 3.49057e-09, -4.56056e-09, -3.01136e-09
4, 8, 6, 2.44049e-09, -2.4371e-09, -2.73428e-09
4, 8, 8, 1.59367e-09, -1.09546e-09, -1.96875e-09
4, 8, 10, 1.01332e-09, -4.2599e-10, -1.2613e-09
4, 10, -10, 8.27146e-10, -4.89275e-10, 8.8522e-10
4, 10, -8, 1.19674e-09, -9.70329e-10, 1.22272e-09
4, 10, -6, 1.67117e-09, -1.74467e-09, 1.4939e-09
4, 10, -4, 2.19278e-09, -2.75399e-09, 1.47417e-09
4, 10, -2, 2.62615e-09, -3.68459e-09, 9.63245e-10
4, 10, 0, 2.80637e-09, -4.07233e-09, 3.93022e-11
4, 10, 2, 2.65214e-09, -3.68459e-09, -8.89333e-10
4, 10, 4, 2.23326e-09, -2.75399e-09, -1.41221e-09
4, 10, 6, 1.71238e-09, -1.74467e-09, -1.44655e-09
4, 10, 8, 1.23052e-09, -9.70329e-10, -1.18877e-09
4, 10, 10, 8.51599e-10, -4.89275e-10, -8.61752e-10
6, -10, -10, -4.53129e-10, -5.96485e-10, -1.06727e-09
6, -10, -8, -5.94173e-10, -1.15666e-09, -1.43949e-09
6, -10, -6, -7.5155e-10, -2.03829e-09, -1.71981e-09
6, -10, -4, -9.05539e-10, -3.16631e-09, -1.66307e-09
6, -10, -2, -1.02646e-09, -4.1926e-09, -1.06246e-09
6, -10, 0, -1.0827e-09, -4.61726e-09, -1.50951e-11
6, -10, 2, -1.05558e-09, -4.1926e-09, 1.03343e-09
6, -10, 4, -9.51412e-10, -3.16631e-09, 1.63718e-09
6, -10, 6, -7.99088e-10, -2.03829e-09, 1.69819e-09
6, -10, 8, -6.34004e-10, -1.15666e-09, 1.42236e-09
6, -10, 10, -4.82675e-10, -5.96485e-10, 1.05422e-09
6, -8, -10, -4.80266e-10, -5.20522e-10, -1.5427e-09
6, -8, -8, -6.50386e-10, -1.30373e-09, -2.34468e-09
6, -8, -6, -8.48987e-10, -2.83404e-09, -3.18272e-09
6, -8, -4, -1.05426e-09, -5.2043e-09, -3.45237e-09
6, -8, -2, -1.22819e-09, -7.68055e-09, -2.37933e-09
6, -8, 0, -1.32101e-09, -8.77829e-09, -1.84252e-11
6, -8, 2, -1.29378e-09, -7.68055e-09, 2.34415e-09
6, -8, 4, -1.14976e-09, -5.2043e-09, 3.42162e-09
6, -8, 6, -9.37163e-10, -2.83404e-09, 3.1578e-09
6, -8, 8, -7.15398e-10, -1.30373e-09, 2.32562e-09
6, -8, 10, -5.23058e-10, -5.20522e-10, 1.52869e-09
6, -6, -10, -4.59006e-10, -1.49549e-10, -2.04509e-09
6, -6, -8, -6.38031e-10, -9.92704e-10, -3.62855e-09
6, -6, -6, -8.51746e-10, -3.39039e-09, -5.92898e-09
6, -6, -4, -1.08366e-09, -8.51435e-09, -7.6977e-09
6, -6, -2, -1.31052e-09, -1.51683e-08, -5.96265e-09
6, -6, 0, -1.47115e-09, -1.83961e-08, -2.05354e-11
6, -6, 2, -1.47544e-09, -1.51683e-08, 5.92376e-09
6, -6, 4, -1.29699e-09, -8.51435e-09, 7.66446e-09
6, -6, 6, -1.0163e-09, -3.39039e-09, 5.9029e-09
6, -6, 8, -7.3884e-10, -9.92704e-10, 3.60932e-09
6, -6, 10, -5.15847e-10, -1.49549e-10, 2.03147e-09
6, -4, -10, -3.69541e-10, 6.6723e-10, -2.26248e-09
6, -4, -8, -5.17868e-10, 4.56971e-10, -4.85889e-09
6, -4, -6, -6.76247e-10, -2.02007e-09, -1.04852e-08
6, -4, -4, -8.22005e-10, -1.28016e-08, -1.86467e-08
6, -4, -2, -1.0549e-09, -3.34592e-08, -1.71912e-08
6, -4, 0, -1.37663e-09, -4.40767e-08, -1.92452e-11
6, -4, 2, -1.53098e-09, -3.34592e-08, 1.71551e-08
6, -4, 4, -1.33918e-09, -1.28016e-08, 1.86165e-08
6, -4, 6, -9.678e-10, -2.02007e-09, 1.04622e-08
6, -4, 8, -6.53188e-10, 4.56971e-10, 4.84251e-09
6, -4, 10, -4.32582e-10, 6.6723e-10, 2.25126e-09
6, -2, -10, -2.11221e-10, 1.76165e-09, -1.66402e-09
6, -2, -8, -2.89884e-10, 3.41201e-09, -4.34102e-09
6, -2, -6, -3.11526e-10, 5.87001e-09, -1.38449e-08
6, -2, -4, 1.9911e-12, -7.79897e-09, -4.91352e-08
6, -2, -2, -4.35964e-11, -9.07762e-08, -5.65756e-08
6, -2, 0, -8.86732e-10, -1.16761e-07, -1.24422e-11
6, -2, 2, -1.61132e-09, -9.07762e-08, 5.65524e-08
6, -2, 4, -1.36125e-09, -7.79897e-09, 4.91161e-08
6, -2, 6, -6.98242e-10, 5.87001e-09, 1.38307e-08
6, -2, 8, -4.11372e-10, 3.41201e-09, 4.33118e-09
6, -2, 10, -2.57798e-10, 1.76165e-09, 1.65744e-09
6, 0, -10, -1.02882e-11, 2.36434e-09, -9.14374e-11
6, 0, -8, -1.35611e-11, 5.5397e-09, -2.6307e-10
6, 0, -6, -8.32139e-12, 1.67438e-08, -1.10853e-09
6, 0, -4, 2.11664e-10, 1.06764e-07, -1.57004e-08
6, 0, -2, 2.89851e-10, -3.30822e-07, -2.11813e-08
6, 0, 0, -4.60754e-11, -2.11251e-07, -7.23811e-13
6, 0, 2, -3.75612e-10, -3.30822e-07, 2.11799e-08
6, 0, 4, -2.81601e-10, 1.06764e-07, 1.56993e-08
6, 0, 6, -4.31371e-11, 1.67438e-08, 1.10772e-09
6, 0, 8, -2.18176e-11, 5.5397e-09, 2.62514e-10
6, 0, 10, -1.31553e-11, 2.36434e-09, 9.10691e-11
6, 2, -10, 1.92651e-10, 1.86033e-09, 1.54431e-09
6, 2, -8, 2.63704e-10, 3.73464e-09, 4.09494e-09
6, 2, -6, 2.72809e-10, 7.17221e-09, 1.36079e-08
6, 2, -4, -1.36026e-10, -4.61511e-09, 5.40978e-08
6, 2, -2, -1.35339e-10, -1.02549e-07, 6.36809e-08
6, 2, 0, 8.14994e-10, -1.27957e-07, 1.13152e-11
6, 2, 2, 1.65566e-09, -1.02549e-07, -6.36598e-08
6, 2, 4, 1.38316e-09, -4.61511e-09, -5.40805e-08
6, 2, 6, 6.52098e-10, 7.17221e-09, -1.3595e-08
6, 2, 8, 3.77474e-10, 3.73464e-09, -4.08604e-09
6, 2, 10, 2.35477e-10, 1.86033e-09, -1.53837e-09
6, 4, -10, 3.56613e-10, 7.72166e-10, 2.2482e-09
6, 4, -8, 4.9923e-10, 6.92106e-10, 4.92753e-09
6, 4, -6, 6.45853e-10, -1.62569e-09, 1.10056e-08
6, 4, -4, 7.67069e-10, -1.31401e-08, 2.04733e-08
6, 4, -2, 9.9342e-10, -3.65224e-08, 1.92709e-08
6, 4, 0, 1.34698e-09, -4.84815e-08, 1.87794e-11
6, 4, 2, 1.53485e-09, -3.65224e-08, -1.92356e-08
6, 4, 4, 1.34165e-09, -1.31401e-08, -2.04439e-08
6, 4, 6, 9.53767e-10, -1.62569e-09, -1.09833e-08
6, 4, 8, 6.36716e-10, 6.92106e-10, -4.91171e-09
6, 4, 10, 4.19211e-10, 7.72166e-10, -2.23739e-09
6, 6, -10, 4.53276e-10, -8.9181e-11, 2.08732e-09
6, 6, -8, 6.31097e-10, -9.12471e-10, 3.76923e-09
6, 6, -6, 8.42846e-10, -3.38855e-09, 6.30177e-09
6, 6, -4, 1.07296e-09, -8.92453e-09, 8.37641e-09
6, 6, -2, 1.30392e-09, -1.63217e-08, 6.58394e-09
6, 6, 0, 1.4757e-09, -1.99436e-08, 2.0607e-11
6, 6, 2, 1.48835e-09, -1.63217e-08, -6.54495e-09
6, 6, 4, 1.30762e-09, -8.92453e-09, -8.34318e-09
6, 6, 6, 1.01912e-09, -3.38855e-09, -6.27578e-09
6, 6, 8, 7.36328e-10, -9.12471e-10, -3.75015e-09
6, 6, 10, 5.11446e-10, -8.9181e-11, -2.07386e-09
6, 8, -10, 4.80625e-10, -4.99837e-10, 1.59467e-09
6, 8, -8, 6.52771e-10, -1.30188e-09, 2.45728e-09
6, 8, -6, 8.5449e-10, -2.91322e-09, 3.38758e-09
6, 8, -4, 1.06421e-09, -5.471e-09, 3.72782e-09
6, 8, -2, 1.24395e-09, -8.18997e-09, 2.59382e-09
6, 8, 0, 1.34209e-09, -9.40522e-09, 1.87563e-11
6, 8, 2, 1.31627e-09, -8.18997e-09, -2.55805e-09
6, 8, 4, 1.16837e-09, -5.471e-09, -3.69663e-09
6, 8, 6, 9.49098e-10, -2.91322e-09, -3.36239e-09
6, 8, 8, 7.21319e-10, -1.30188e-09, -2.43808e-09
6, 8, 10, 5.2505e-10, -4.99837e-10, -1.58063e-09
6, 10, -10, 4.57255e-10, -5.97067e-10, 1.10989e-09
6, 10, -8, 6.01525e-10, -1.17967e-09, 1.51287e-09
6, 10, -6, 7.63261e-10, -2.11296e-09, 1.82722e-09
6, 10, -4, 9.22371e-10, -3.32578e-09, 1.78383e-09
6, 10, -2, 1.04816e-09, -4.44189e-09, 1.14671e-09
6, 10, 0, 1.1074e-09, -4.90643e-09, 1.5483e-11
6, 10, 2, 1.07992e-09, -4.44189e-09, -1.11695e-09
6, 10, 4, 9.72029e-10, -3.32578e-09, -1.75735e-09
6, 10, 6, 8.14168e-10, -2.11296e-09, -1.80517e-09
6, 10, 8, 6.43658e-10, -1.17967e-09, -1.49547e-09
6, 10, 10, 4.88138e-10, -5.97067e-10, -1.09668e-09
8, -10, -10, -9.31245e-11, -5.88547e-10, -1.11055e-09
8, -10, -8, -3.21817e-11, -1.12808e-09, -1.46353e-09
8, -10, -6, 8.39637e-11, -1.96202e-09, -1.71164e-09
8, -10, -4, 2.41683e-10, -3.01343e-09, -1.62498e-09
8, -10, -2, 3.83233e-10, -3.96074e-09, -1.01891e-09
8, -10, 0, 4.31742e-10, -4.35092e-09, 5.96406e-12
8, -10, 2, 3.5477e-10, -3.96074e-09, 1.0291e-09
8, -10, 4, 1.96413e-10, -3.01343e-09, 1.63101e-09
8, -10, 6, 3.63172e-11, -1.96202e-09, 1.71327e-09
8, -10, 8, -7.29082e-11, -1.12808e-09, 1.46204e-09
8, -10, 10, -1.24021e-10, -5.88547e-10, 1.10751e-09
8, -8, -10, -6.15655e-12, -4.73888e-10, -1.56151e-09
8, -8, -8, 1.66173e-10, -1.19383e-09, -2.30355e-09
8, -8, -6, 5.04491e-10, -2.57153e-09, -3.04107e-09
8, -8, -4, 1.00477e-09, -4.66875e-09, -3.22355e-09
8, -8, -2, 1.4934e-09, -6.83822e-09, -2.17784e-09
8, -8, 0, 1.68112e-09, -7.79694e-09, 2.32942e-11
8, -8, 2, 1.43233e-09, -6.83822e-09, 2.21838e-09
8, -8, 4, 9.14793e-10, -4.66875e-09, 3.25015e-09
8, -8, 6, 4.19706e-10, -2.57153e-09, 3.05387e-09
8, -8, 8, 1.01974e-10, -1.19383e-09, 2.30725e-09
8, -8, 10, -4.96647e-11, -4.73888e-10, 1.56071e-09
8, -6, -10, 1.12975e-10, -6.37375e-11, -2.01171e-09
8, -6, -8, 4.83331e-10, -7.84435e-10, -3.4314e-09
8, -6, -6, 1.33489e-09, -2.7987e-09, -5.39359e-09
8, -6, -4, 2.84913e-09, -7.02094e-09, -6.79215e-09
8, -6, -2, 4.5497e-09, -1.24862e-08, -5.1635e-09
8, -6, 0, 5.26404e-09, -1.51612e-08, 7.29705e-11
8, -6, 2, 4.40464e-09, -1.24862e-08, 5.28765e-09
8, -6, 4, 2.65935e-09, -7.02094e-09, 6.86858e-09
8, -6, 6, 1.18433e-09, -2.7987e-09, 5.42858e-09
8, -6, 8, 3.87553e-10, -7.84435e-10, 3.4435e-09
8, -6, 10, 5.68316e-11, -6.37375e-11, 2.01406e-09
8, -4, -10, 2.11312e-10, 7.60674e-10, -2.16551e-09
8, -4, -8, 8.21368e-10, 6.75564e-10, -4.40702e-09
8, -4, -6, 2.66535e-09, -1.10428e-09, -8.94215e-09
8, -4, -4, 7.28318e-09, -8.88656e-09, -1.51638e-08
8, -4, -2, 1.38003e-08, -2.44695e-08, -1.40565e-08
8, -4, 0, 1.6603e-08, -3.32331e-08, 2.30063e-10
8, -4, 2, 1.34053e-08, -2.44695e-08, 1.44335e-08
8, -4, 4, 6.85924e-09, -8.88656e-09, 1.53601e-08
8, -4, 6, 2.41532e-09, -1.10428e-09, 9.01284e-09
8, -4, 8, 6.98096e-10, 6.75564e-10, 4.4282e-09
8, -4, 10, 1.50743e-10, 7.60674e-10, 2.17055e-09
8, -2, -10, 1.89887e-10, 1.80949e-09, -1.55859e-09
8, -2, -8, 8.01231e-10, 3.36649e-09, -3.78131e-09
8, -2, -6, 3.48952e-09, 5.8596e-09, -1.07671e-08
8, -2, -4, 1.68924e-08, 9.38726e-10, -3.32926e-08
8, -2, -2, 4.90351e-08, -5.41615e-08, -4.80791e-08
8, -2, 0, 5.62268e-08, -9.03017e-08, 7.79129e-10
8, -2, 2, 4.76866e-08, -5.41615e-08, 4.94167e-08
8, -2, 4, 1.59602e-08, 9.38726e-10, 3.37493e-08
8, -2, 6, 3.18712e-09, 5.8596e-09, 1.08604e-08
8, -2, 8, 6.94972e-10, 3.36649e-09, 3.80227e-09
8, -2, 10, 1.46105e-10, 1.80949e-09, 1.56329e-09
8, 0, -10, 1.11907e-11, 2.37135e-09, -8.48308e-11
8, 0, -8, 4.98612e-11, 5.19767e-09, -2.24398e-10
8, 0, -6, 2.66992e-10, 1.39747e-08, -7.99167e-10
8, 0, -4, 2.98941e-09, 5.98371e-08, -5.78383e-09
8, 0, -2, 4.31597e-07, -1.03728e-06, -3.22589e-07
8, 0, 0, 2.11637e-08, -3.30225e-07, 3.32466e-10
8, 0, 2, 3.2257e-07, -1.03728e-06, 4.31616e-07
8, 0, 4, 2.80626e-09, 5.98371e-08, 5.87488e-09
8, 0, 6, 2.41758e-10, 1.39747e-08, 8.07159e-10
8, 0, 8, 4.27881e-11, 5.19767e-09, 2.25854e-10
8, 0, 10, 8.52054e-12, 2.37135e-09, 8.51405e-11
8, 2, -10, -1.77967e-10, 1.90213e-09, 1.44421e-09
8, 2, -8, -7.58466e-10, 3.64873e-09, 3.55501e-09
8, 2, -6, -3.4095e-09, 6.89769e-09, 1.04729e-08
8, 2, -4, -1.8008e-08, 4.23937e-09, 3.53832e-08
8, 2, -2, -5.69468e-08, -5.96502e-08, 5.57136e-08
8, 2, 0, -6.33623e-08, -1.02054e-07, -8.91222e-10
8, 2, 2, -5.53546e-08, -5.96502e-08, -5.7296e-08
8, 2, 4, -1.70096e-08, 4.23937e-09, -3.5874e-08
8, 2, 6, -3.11638e-09, 6.89769e-09, -1.05638e-08
8, 2, 8, -6.59335e-10, 3.64873e-09, -3.57474e-09
8, 2, 10, -1.37783e-10, 1.90213e-09, -1.4486e-09
8, 4, -10, -2.16216e-10, 8.63303e-10, 2.14644e-09
8, 4, -8, -8.44587e-10, 8.98987e-10, 4.45023e-09
8, 4, -6, -2.80991e-09, -7.0695e-10, 9.31277e-09
8, 4, -4, -7.97659e-09, -8.83727e-09, 1.64649e-08
8, 4, -2, -1.55007e-08, -2.62978e-08, 1.56858e-08
8, 4, 0, -1.87009e-08, -3.62707e-08, -2.6302e-10
8, 4, 2, -1.50537e-08, -2.62978e-08, -1.61155e-08
8, 4, 4, -7.51144e-09, -8.83727e-09, -1.66824e-08
8, 4, 6, -2.54817e-09, -7.0695e-10, -9.38782e-09
8, 4, 8, -7.19947e-10, 8.98987e-10, -4.47211e-09
8, 4, 10, -1.56244e-10, 8.63303e-10, -2.15165e-09
8, 6, -10, -1.25191e-10, -5.3964e-13, 2.04741e-09
8, 6, -8, -5.1995e-10, -6.96314e-10, 3.55005e-09
8, 6, -6, -1.44774e-09, -2.7574e-09, 5.70066e-09
8, 6, -4, -3.13969e-09, -7.2776e-09, 7.34176e-09
8, 6, -2, -5.07342e-09, -1.33085e-08, 5.66665e-09
8, 6, 0, -5.89075e-09, -1.62968e-08, -8.28156e-11
8, 6, 2, -4.9123e-09, -1.33085e-08, -5.807e-09
8, 6, 4, -2.93249e-09, -7.2776e-09, -7.42705e-09
8, 6, 6, -1.28747e-09, -2.7574e-09, -5.73904e-09
8, 6, 8, -4.20427e-10, -6.96314e-10, -3.56324e-09
8, 6, 10, -6.79205e-11, -5.3964e-13, -2.05013e-09
8, 8, -10, -4.81764e-12, -4.48927e-10, 1.60952e-09
8, 8, -8, -1.92907e-10, -1.18212e-09, 2.40535e-09
8, 8, -6, -5.66128e-10, -2.62452e-09, 3.22226e-09
8, 8, -4, -1.1255e-09, -4.8742e-09, 3.46299e-09
8, 8, -2, -1.6778e-09, -7.24257e-09, 2.36165e-09
8, 8, 0, -1.89177e-09, -8.29825e-09, -2.66033e-11
8, 8, 2, -1.61088e-09, -7.24257e-09, -2.40789e-09
8, 8, 4, -1.02794e-09, -4.8742e-09, -3.49327e-09
8, 8, 6, -4.75621e-10, -2.62452e-09, -3.23691e-09
8, 8, 8, -1.25497e-10, -1.18212e-09, -2.40984e-09
8, 8, 10, 4.0204e-11, -4.48927e-10, -1.60904e-09
8, 10, -10, 8.62588e-11, -5.85783e-10, 1.15178e-09
8, 10, -8, 1.73521e-11, -1.1446e-09, 1.5331e-09
8, 10, -6, -1.13198e-10, -2.02346e-09, 1.81159e-09
8, 10, -4, -2.91135e-10, -3.1486e-09, 1.73559e-09
8, 10, -2, -4.51752e-10, -4.17386e-09, 1.09483e-09
8, 10, 0, -5.07433e-10, -4.59864e-09, -7.1531e-12
8, 10, 2, -4.2087e-10, -4.17386e-09, -1.10714e-09
8, 10, 4, -2.42366e-10, -3.1486e-09, -1.74312e-09
8, 10, 6, -6.2398e-11, -2.02346e-09, -1.81409e-09
8, 10, 8, 6.02711e-11, -1.1446e-09, -1.53204e-09
8, 10, 10, 1.18454e-10, -5.85783e-10, -1.14893e-09
10, -10, -10, 1.87255e-10, -4.90786e-10, -1.01227e-09
10, -10, -8, 3.79967e-10, -9.24238e-10, -1.28988e-09
10, -10, -6, 6.61575e-10, -1.57282e-09, -1.46096e-09
10, -10, -4, 9.96008e-10, -2.36795e-09, -1.34916e-09
10, -10, -2, 1.28039e-09, -3.07043e-09, -8.2583e-10
10, -10, 0, 1.38636e-09, -3.35698e-09, 1.9253e-11
10, -10, 2, 1.25693e-09, -3.07043e-09, 8.6107e-10
10, -10, 4, 9.58097e-10, -2.36795e-09, 1.37631e-09
10, -10, 6, 6.20662e-10, -1.57282e-09, 1.47878e-09
10, -10, 8, 3.43903e-10, -9.24238e-10, 1.29994e-09
10, -10, 10, 1.58979e-10, -4.90786e-10, 1.01709e-09
10, -8, -10, 3.35782e-10, -3.3994e-10, -1.36585e-09
10, -8, -8, 7.0335e-10, -8.69717e-10, -1.9225e-09
10, -8, -6, 1.31059e-09, -1.83993e-09, -2.42183e-09
10, -8, -4, 2.12525e-09, -3.25898e-09, -2.46548e-09
10, -8, -2, 2.88969e-09, -4.68927e-09, -1.61467e-09
10, -8, 0, 3.19611e-09, -5.31475e-09, 4.43869e-11
10, -8, 2, 2.8437e-09, -4.68927e-09, 1.69431e-09
10, -8, 4, 2.05586e-09, -3.25898e-09, 2.52359e-09
10, -8, 6, 1.24269e-09, -1.83993e-09, 2.45733e-09
10, -8, 8, 6.49531e-10, -8.69717e-10, 1.94133e-09
10, -8, 10, 2.97583e-10, -3.3994e-10, 1.37467e-09
10, -6, -10, 4.89413e-10, 6.43255e-11, -1.6811e-09
10, -6, -8, 1.11786e-09, -3.8563e-10, -2.67863e-09
10, -6, -6, 2.35447e-09, -1.58936e-09, -3.90866e-09
10, -6, -4, 4.352e-09, -3.97441e-09, -4.61109e-09
10, -6, -2, 6.53345e-09, -6.97483e-09, -3.36461e-09
10, -6, 0, 7.49297e-09, -8.44539e-09, 1.04036e-10
10, -6, 2, 6.43745e-09, -6.97483e-09, 3.54476e-09
10, -6, 4, 4.2221e-09, -3.97441e-09, 4.73027e-09
10, -6, 6, 2.24474e-09, -1.58936e-09, 3.97266e-09
10, -6, 8, 1.04277e-09, -3.8563e-10, 2.70873e-09
10, -6, 10, 4.42329e-10, 6.43255e-11, 1.69408e-09
10, -4, -10, 5.56074e-10, 7.79978e-10, -1.72665e-09
10, -4, -8, 1.43286e-09, 8.73441e-10, -3.17583e-09
10, -4, -6, 3.62086e-09, 2.29478e-10, -5.65414e-09
10, -4, -4, 8.36199e-09, -2.73689e-09, -8.43773e-09
10, -4, -2, 1.50955e-08, -8.75017e-09, -7.4587e-09
10, -4, 0, 1.85149e-08, -1.2455e-08, 2.56953e-10
10, -4, 2, 1.48825e-08, -8.75017e-09, 7.875e-09
10, -4, 4, 8.124e-09, -2.73689e-09, 8.66706e-09
10, -4, 6, 3.46185e-09, 2.29478e-10, 5.75285e-09
10, -4, 8, 1.34366e-09, 8.73441e-10, 3.21457e-09
10, -4, 10, 5.07615e-10, 7.79978e-10, 1.7415e-09
10, -2, -10, 4.06314e-10, 1.61524e-09, -1.19484e-09
10, -2, -8, 1.18123e-09, 2.8166e-09, -2.51253e-09
10, -2, -6, 3.71627e-09, 4.81701e-09, -5.62807e-09
10, -2, -4, 1.23173e-08, 6.50611e-09, -1.21541e-08
10, -2, -2, 3.35993e-08, 1.16026e-09, -1.63189e-08
10, -2, 0, 4.90752e-08, -7.16419e-09, 6.80909e-10
10, -2, 2, 3.31325e-08, 1.16026e-09, 1.72468e-08
10, -2, 4, 1.19732e-08, 6.50611e-09, 1.24932e-08
10, -2, 6, 3.55726e-09, 4.81701e-09, 5.72988e-09
10, -2, 8, 1.11034e-09, 2.8166e-09, 2.54465e-09
10, -2, 10, 3.72641e-10, 1.61524e-09, 1.20577e-09
10, 0, -10, 2.2249e-11, 2.04074e-09, -6.391e-11
10, 0, -8, 6.84446e-11, 3.99844e-09, -1.43025e-10
10, 0, -6, 2.43945e-10, 8.71615e-09, -3.64589e-10
10, 0, -4, 1.09218e-09, 2.1828e-08, -1.06713e-09
10, 0, -2, 5.8675e-09, 6.00967e-08, -2.82437e-09
10, 0, 0, 1.56977e-08, 1.07535e-07, 2.46599e-10
10, 0, 2, 5.77589e-09, 6.00967e-08, 3.00728e-09
10, 0, 4, 1.05813e-09, 2.1828e-08, 1.10091e-09
10, 0, 6, 2.32373e-10, 8.71615e-09, 3.72072e-10
10, 0, 8, 6.39183e-11, 3.99844e-09, 1.45105e-10
10, 0, 10, 2.02305e-11, 2.04074e-09, 6.45774e-11
10, 2, -10, -3.76478e-10, 1.68631e-09, 1.10393e-09
10, 2, -8, -1.10541e-09, 3.00476e-09, 2.34617e-09
10, 2, -6, -3.54886e-09, 5.37638e-09, 5.36592e-09
10, 2, -4, -1.22664e-08, 8.19268e-09, 1.20893e-08
10, 2, -2, -3.57372e-08, 4.46748e-09, 1.73376e-08
10, 2, 0, -5.40442e-08, -3.95715e-09, -7.58969e-10
10, 2, 2, -3.52374e-08, 4.46748e-09, -1.83321e-08
10, 2, 4, -1.19243e-08, 8.19268e-09, -1.24268e-08
10, 2, 6, -3.39817e-09, 5.37638e-09, -5.4626e-09
10, 2, 8, -1.03978e-09, 3.00476e-09, -2.37599e-09
10, 2, 10, -3.45675e-10, 1.68631e-09, -1.11396e-09
10, 4, -10, -5.52684e-10, 8.64628e-10, 1.7038e-09
10, 4, -8, -1.44272e-09, 1.04799e-09, 3.17991e-09
10, 4, -6, -3.72434e-09, 5.57065e-10, 5.79064e-09
10, 4, -4, -8.85827e-09, -2.32689e-09, 8.90817e-09
10, 4, -2, -1.64273e-08, -8.69148e-09, 8.09287e-09
10, 4, 0, -2.03492e-08, -1.27628e-08, -2.85769e-10
10, 4, 2, -1.61938e-08, -8.69148e-09, -8.5507e-09
10, 4, 4, -8.60526e-09, -2.32689e-09, -9.15285e-09
10, 4, 6, -3.56099e-09, 5.57065e-10, -5.89253e-09
10, 4, 8, -1.35338e-09, 1.04799e-09, -3.21897e-09
10, 4, 10, -5.04945e-10, 8.64628e-10, -1.71856e-09
10, 6, -10, -5.02116e-10, 1.22249e-10, 1.70286e-09
10, 6, -8, -1.15945e-09, -2.99638e-10, 2.75068e-09
10, 6, -6, -2.4802e-09, -1.50229e-09, 4.08434e-09
10, 6, -4, -4.66438e-09, -3.99231e-09, 4.90906e-09
10, 6, -2, -7.09683e-09, -7.22325e-09, 3.63287e-09
10, 6, 0, -8.17832e-09, -8.83162e-09, -1.14802e-10
10, 6, 2, -6.99213e-09, -7.22325e-09, -3.83058e-09
10, 6, 4, -4.52496e-09, -3.99231e-09, -5.03791e-09
10, 6, 6, -2.36489e-09, -1.50229e-09, -4.15221e-09
10, 6, 8, -1.08208e-09, -2.99638e-10, -2.78205e-09
10, 6, 10, -4.54342e-10, 1.22249e-10, -1.71624e-09
10, 8, -10, -3.5196e-10, -3.12762e-10, 1.40167e-09
10, 8, -8, -7.42106e-10, -8.46258e-10, 1.99526e-09
10, 8, -6, -1.39631e-09, -1.84947e-09, 2.54538e-09
10, 8, -4, -2.2873e-09, -3.35059e-09, 2.62252e-09
10, 8, -2, -3.13355e-09, -4.88945e-09, 1.73205e-09
10, 8, 0, -3.47532e-09, -5.5684e-09, -4.8773e-11
10, 8, 2, -3.08374e-09, -4.88945e-09, -1.81929e-09
10, 8, 4, -2.2129e-09, -3.35059e-09, -2.68564e-09
10, 8, 6, -1.32448e-09, -1.84947e-09, -2.58352e-09
10, 8, 8, -6.85983e-10, -8.46258e-10, -2.01527e-09
10, 8, 10, -3.12627e-10, -3.12762e-10, -1.41098e-09
10, 10, -10, -2.00634e-10, -4.83851e-10, 1.04576e-09
10, 10, -8, -4.06994e-10, -9.29517e-10, 1.34446e-09
10, 10, -6, -7.11651e-10, -1.60737e-09, 1.53679e-09
10, 10, -4, -1.07709e-09, -2.45037e-09, 1.43075e-09
10, 10, -2, -1.39034e-09, -3.20316e-09, 8.80506e-10
10, 10, 0, -1.50778e-09, -3.51199e-09, -2.11605e-11
10, 10, 2, -1.36511e-09, -3.20316e-09, -9.19173e-10
10, 10, 4, -1.03658e-09, -2.45037e-09, -1.4604e-09
10, 10, 6, -6.68331e-10, -1.60737e-09, -1.55615e-09
10, 10, 8, -3.69203e-10, -9.29517e-10, -1.35535e-09
10, 10, 10, -1.71301e-10, -4.83851e-10, -1.05098e-09
